-4.02057 329.315
-3.93868 327.968
-3.8568 329.261
-3.77491 327.606
-3.69303 328.579
-3.61114 328.493
-3.52926 328.284
-3.44737 328.798
-3.36549 328.459
-3.2836 327.936
-3.20172 328.642
-3.11983 328.795
-3.03795 328.763
-2.95606 328.611
-2.87418 330.808
-2.79229 331.122
-2.71041 332.64
-2.62852 339.181
-2.54664 345.474
-2.46475 355.618
-2.38287 367.979
-2.30098 383.975
-2.2191 399.396
-2.13721 413.199
-2.05533 422.619
-1.97344 427.773
-1.89156 426.505
-1.80967 421.31
-1.72779 411.133
-1.6459 396.556
-1.56402 381.457
-1.48213 363.679
-1.40025 347.551
-1.31836 335.992
-1.23648 325.407
-1.15459 320.108
-1.07271 316.031
-0.99082 313.145
-0.90894 311.242
-0.82705 309.358
-0.74517 306.557
-0.66328 303.643
-0.5814 298.528
-0.49951 292.728
-0.41763 285.576
-0.33574 277.34
-0.25386 268.461
-0.17197 261.312
-0.09009 254.463
-0.0082 249.923
0.07368 249.396
0.15557 253.165
0.23745 259.414
0.31934 268.001
0.40122 277.364
0.48311 285.562
0.56499 292.833
0.64688 298.957
0.72876 304.235
0.81065 306.621
0.89253 310.569
0.97442 311.508
1.05631 313.496
1.13819 315.905
1.22008 318.34
1.30196 324.597
1.38384 332.774
1.46573 343.776
1.54762 360.949
1.6295 376.101
1.71139 393.22
1.79327 408.85
1.87516 420.359
1.95704 427.296
2.03893 428.531
2.12081 426.151
2.2027 416.609
2.28458 404.55
2.36647 389.101
2.44835 372.227
2.53024 358.424
2.61212 346.668
2.69401 339.773
2.77589 333.914
2.85778 331.202
2.93966 330.169
3.02155 329.309
3.10343 328.711
3.18532 328.447
3.2672 328.687
3.34909 328.981
3.43097 328.092
3.51286 328.46
3.59474 328.617
3.67663 328.72
3.75851 328.388
3.8404 327.611
3.92228 328.366
4.00417 329.462
4.08605 326.627
