0 1.22052
0.001 1.21999
0.002 1.21839
0.003 1.21572
0.004 1.21199
0.005 1.2072
0.006 1.20135
0.007 1.19444
0.008 1.18648
0.009 1.17747
0.01 1.16742
0.011 1.15632
0.012 1.1442
0.013 1.13104
0.014 1.11687
0.015 1.10168
0.016 1.08549
0.017 1.06831
0.018 1.05014
0.019 1.03098
0.02 1.01087
0.021 0.989791
0.022 0.967769
0.023 0.944812
0.024 0.920933
0.025 0.896143
0.026 0.870456
0.027 0.843884
0.028 0.816442
0.029 0.788144
0.03 0.759004
0.031 0.729037
0.032 0.698259
0.033 0.666685
0.034 0.634332
0.035 0.601217
0.036 0.567356
0.037 0.532767
0.038 0.497467
0.039 0.461474
0.04 0.424808
0.041 0.387485
0.042 0.349526
0.043 0.31095
0.044 0.271775
0.045 0.232023
0.046 0.191712
0.047 0.150864
0.048 0.109499
0.049 0.0676367
0.05 0.0252992
0.051 0.0174926
0.052 0.0607176
0.053 0.104354
0.054 0.14838
0.055 0.192775
0.056 0.237515
0.057 0.28258
0.058 0.327947
0.059 0.373593
0.06 0.419497
0.061 0.465635
0.062 0.511986
0.063 0.558527
0.064 0.605235
0.065 0.652089
0.066 0.699064
0.067 0.746139
0.068 0.793292
0.069 0.840499
0.07 0.887738
0.071 0.934987
0.072 0.982224
0.073 1.02943
0.074 1.07657
0.075 1.12364
0.076 1.1706
0.077 1.21744
0.078 1.26414
0.079 1.31067
0.08 1.35701
0.081 1.40315
0.082 1.44905
0.083 1.4947
0.084 1.54009
0.085 1.58518
0.086 1.62995
0.087 1.6744
0.088 1.71849
0.089 1.76222
0.09 1.80555
0.091 1.84847
0.092 1.89096
0.093 1.93301
0.094 1.97459
0.095 2.01569
0.096 2.05629
0.097 2.09637
0.098 2.13591
0.099 2.17491
0.1 2.21333
0.101 2.25117
0.102 2.28841
0.103 2.32504
0.104 2.36104
0.105 2.39639
0.106 2.43109
0.107 2.46511
0.108 2.49845
0.109 2.53109
0.11 2.56301
0.111 2.59422
0.112 2.62468
0.113 2.6544
0.114 2.68337
0.115 2.71156
0.116 2.73897
0.117 2.7656
0.118 2.79142
0.119 2.81644
0.12 2.84064
0.121 2.86402
0.122 2.88656
0.123 2.90826
0.124 2.92912
0.125 2.94912
0.126 2.96826
0.127 2.98654
0.128 3.00394
0.129 3.02046
0.13 3.03611
0.131 3.05087
0.132 3.06474
0.133 3.07772
0.134 3.0898
0.135 3.10099
0.136 3.11127
0.137 3.12065
0.138 3.12913
0.139 3.13671
0.14 3.14338
0.141 3.14914
0.142 3.154
0.143 3.15796
0.144 3.16101
0.145 3.16316
0.146 3.16441
0.147 3.16477
0.148 3.16422
0.149 3.16279
0.15 3.16046
0.151 3.15725
0.152 3.15316
0.153 3.14819
0.154 3.14234
0.155 3.13563
0.156 3.12805
0.157 3.11962
0.158 3.11033
0.159 3.1002
0.16 3.08923
0.161 3.07743
0.162 3.06481
0.163 3.05136
0.164 3.03711
0.165 3.02205
0.166 3.00621
0.167 2.98957
0.168 2.97216
0.169 2.95399
0.17 2.93506
0.171 2.91538
0.172 2.89496
0.173 2.87381
0.174 2.85195
0.175 2.82938
0.176 2.80611
0.177 2.78216
0.178 2.75754
0.179 2.73225
0.18 2.70631
0.181 2.67974
0.182 2.65253
0.183 2.62472
0.184 2.5963
0.185 2.56729
0.186 2.53771
0.187 2.50756
0.188 2.47686
0.189 2.44563
0.19 2.41387
0.191 2.3816
0.192 2.34883
0.193 2.31558
0.194 2.28186
0.195 2.24769
0.196 2.21308
0.197 2.17803
0.198 2.14258
0.199 2.10673
0.2 2.07049
0.201 2.03389
0.202 1.99693
0.203 1.95964
0.204 1.92201
0.205 1.88408
0.206 1.84585
0.207 1.80735
0.208 1.76858
0.209 1.72955
0.21 1.6903
0.211 1.65082
0.212 1.61114
0.213 1.57127
0.214 1.53122
0.215 1.49102
0.216 1.45067
0.217 1.41019
0.218 1.3696
0.219 1.32891
0.22 1.28814
0.221 1.2473
0.222 1.2064
0.223 1.16547
0.224 1.12451
0.225 1.08354
0.226 1.04258
0.227 1.00164
0.228 0.960736
0.229 0.919882
0.23 0.879093
0.231 0.838384
0.232 0.797768
0.233 0.757261
0.234 0.716876
0.235 0.676628
0.236 0.636531
0.237 0.596598
0.238 0.556844
0.239 0.517282
0.24 0.477927
0.241 0.43879
0.242 0.399887
0.243 0.361229
0.244 0.322831
0.245 0.284705
0.246 0.246864
0.247 0.209321
0.248 0.172087
0.249 0.135176
0.25 0.0986002
0.251 0.0623707
0.252 0.0264998
0.253 0.0090008
0.254 0.0441197
0.255 0.0788455
0.256 0.113167
0.257 0.147073
0.258 0.180554
0.259 0.213598
0.26 0.246195
0.261 0.278336
0.262 0.310009
0.263 0.341206
0.264 0.371917
0.265 0.402132
0.266 0.431843
0.267 0.461041
0.268 0.489717
0.269 0.517863
0.27 0.54547
0.271 0.572531
0.272 0.599038
0.273 0.624984
0.274 0.650361
0.275 0.675163
0.276 0.699383
0.277 0.723015
0.278 0.746052
0.279 0.768488
0.28 0.790319
0.281 0.811538
0.282 0.83214
0.283 0.852122
0.284 0.871477
0.285 0.890202
0.286 0.908293
0.287 0.925747
0.288 0.942558
0.289 0.958726
0.29 0.974246
0.291 0.989116
0.292 1.00333
0.293 1.0169
0.294 1.0298
0.295 1.04205
0.296 1.05365
0.297 1.06458
0.298 1.07485
0.299 1.08446
0.3 1.09341
0.301 1.1017
0.302 1.10933
0.303 1.1163
0.304 1.12261
0.305 1.12826
0.306 1.13326
0.307 1.13761
0.308 1.1413
0.309 1.14435
0.31 1.14675
0.311 1.14851
0.312 1.14963
0.313 1.15011
0.314 1.14996
0.315 1.14919
0.316 1.14779
0.317 1.14577
0.318 1.14313
0.319 1.13989
0.32 1.13604
0.321 1.1316
0.322 1.12656
0.323 1.12094
0.324 1.11474
0.325 1.10797
0.326 1.10062
0.327 1.09272
0.328 1.08427
0.329 1.07528
0.33 1.06575
0.331 1.05568
0.332 1.0451
0.333 1.03401
0.334 1.02241
0.335 1.01032
0.336 0.997747
0.337 0.984694
0.338 0.971173
0.339 0.957195
0.34 0.942768
0.341 0.927903
0.342 0.91261
0.343 0.896898
0.344 0.880779
0.345 0.864262
0.346 0.847357
0.347 0.830077
0.348 0.812431
0.349 0.79443
0.35 0.776085
0.351 0.757408
0.352 0.73841
0.353 0.719102
0.354 0.699495
0.355 0.679601
0.356 0.659431
0.357 0.638997
0.358 0.618311
0.359 0.597385
0.36 0.576229
0.361 0.554857
0.362 0.53328
0.363 0.511509
0.364 0.489557
0.365 0.467436
0.366 0.445157
0.367 0.422732
0.368 0.400174
0.369 0.377493
0.37 0.354703
0.371 0.331815
0.372 0.308841
0.373 0.285792
0.374 0.26268
0.375 0.239517
0.376 0.216315
0.377 0.193085
0.378 0.169838
0.379 0.146587
0.38 0.123342
0.381 0.100114
0.382 0.0769158
0.383 0.0537571
0.384 0.0306493
0.385 0.00760319
0.386 0.0153705
0.387 0.0382611
0.388 0.0610582
0.389 0.0837514
0.39 0.10633
0.391 0.128785
0.392 0.151106
0.393 0.173283
0.394 0.195306
0.395 0.217166
0.396 0.238853
0.397 0.26036
0.398 0.281675
0.399 0.302791
0.4 0.3237
0.401 0.344392
0.402 0.364859
0.403 0.385094
0.404 0.405088
0.405 0.424833
0.406 0.444323
0.407 0.46355
0.408 0.482507
0.409 0.501187
0.41 0.519583
0.411 0.537688
0.412 0.555498
0.413 0.573005
0.414 0.590204
0.415 0.607089
0.416 0.623654
0.417 0.639895
0.418 0.655807
0.419 0.671385
0.42 0.686624
0.421 0.70152
0.422 0.716069
0.423 0.730267
0.424 0.744111
0.425 0.757597
0.426 0.770722
0.427 0.783483
0.428 0.795877
0.429 0.807902
0.43 0.819555
0.431 0.830834
0.432 0.841738
0.433 0.852265
0.434 0.862413
0.435 0.872181
0.436 0.881569
0.437 0.890575
0.438 0.899198
0.439 0.907439
0.44 0.915297
0.441 0.922772
0.442 0.929864
0.443 0.936575
0.444 0.942903
0.445 0.948851
0.446 0.954419
0.447 0.959608
0.448 0.96442
0.449 0.968856
0.45 0.972917
0.451 0.976607
0.452 0.979926
0.453 0.982878
0.454 0.985463
0.455 0.987686
0.456 0.989548
0.457 0.991053
0.458 0.992203
0.459 0.993001
0.46 0.993452
0.461 0.993558
0.462 0.993322
0.463 0.992749
0.464 0.991842
0.465 0.990606
0.466 0.989043
0.467 0.987159
0.468 0.984958
0.469 0.982443
0.47 0.979621
0.471 0.976494
0.472 0.973068
0.473 0.969347
0.474 0.965337
0.475 0.961042
0.476 0.956467
0.477 0.951618
0.478 0.946499
0.479 0.941116
0.48 0.935473
0.481 0.929577
0.482 0.923433
0.483 0.917045
0.484 0.910421
0.485 0.903564
0.486 0.896481
0.487 0.889177
0.488 0.881658
0.489 0.87393
0.49 0.865998
0.491 0.857868
0.492 0.849545
0.493 0.841036
0.494 0.832346
0.495 0.823481
0.496 0.814447
0.497 0.805249
0.498 0.795893
0.499 0.786385
0.5 0.776731
0.501 0.766936
0.502 0.757007
0.503 0.746948
0.504 0.736766
0.505 0.726466
0.506 0.716054
0.507 0.705535
0.508 0.694915
0.509 0.6842
0.51 0.673396
0.511 0.662506
0.512 0.651538
0.513 0.640497
0.514 0.629387
0.515 0.618214
0.516 0.606984
0.517 0.595702
0.518 0.584372
0.519 0.573001
0.52 0.561593
0.521 0.550152
0.522 0.538685
0.523 0.527196
0.524 0.51569
0.525 0.504171
0.526 0.492645
0.527 0.481116
0.528 0.469589
0.529 0.458068
0.53 0.446558
0.531 0.435062
0.532 0.423587
0.533 0.412135
0.534 0.400711
0.535 0.38932
0.536 0.377964
0.537 0.366649
0.538 0.355379
0.539 0.344156
0.54 0.332985
0.541 0.32187
0.542 0.310814
0.543 0.299822
0.544 0.288895
0.545 0.278039
0.546 0.267255
0.547 0.256549
0.548 0.245922
0.549 0.235378
0.55 0.22492
0.551 0.214551
0.552 0.204274
0.553 0.194092
0.554 0.184008
0.555 0.174024
0.556 0.164143
0.557 0.154368
0.558 0.1447
0.559 0.135144
0.56 0.1257
0.561 0.116371
0.562 0.10716
0.563 0.0980687
0.564 0.0890988
0.565 0.0802525
0.566 0.0715319
0.567 0.0629387
0.568 0.0544748
0.569 0.0461418
0.57 0.0379415
0.571 0.0298755
0.572 0.0219452
0.573 0.0141522
0.574 0.00649771
0.575 0.00101681
0.576 0.00839016
0.577 0.0156211
0.578 0.0227087
0.579 0.0296516
0.58 0.0364491
0.581 0.0431001
0.582 0.0496039
0.583 0.0559595
0.584 0.0621664
0.585 0.0682238
0.586 0.0741311
0.587 0.0798878
0.588 0.0854934
0.589 0.0909476
0.59 0.09625
0.591 0.1014
0.592 0.106398
0.593 0.111244
0.594 0.115936
0.595 0.120477
0.596 0.124864
0.597 0.129099
0.598 0.133182
0.599 0.137113
0.6 0.140891
0.601 0.144518
0.602 0.147994
0.603 0.151319
0.604 0.154494
0.605 0.157519
0.606 0.160394
0.607 0.163122
0.608 0.165701
0.609 0.168134
0.61 0.17042
0.611 0.172561
0.612 0.174558
0.613 0.176412
0.614 0.178123
0.615 0.179692
0.616 0.181122
0.617 0.182413
0.618 0.183566
0.619 0.184583
0.62 0.185464
0.621 0.186212
0.622 0.186828
0.623 0.187313
0.624 0.187669
0.625 0.187898
0.626 0.188
0.627 0.187978
0.628 0.187834
0.629 0.187569
0.63 0.187184
0.631 0.186683
0.632 0.186066
0.633 0.185335
0.634 0.184494
0.635 0.183542
0.636 0.182484
0.637 0.18132
0.638 0.180052
0.639 0.178684
0.64 0.177216
0.641 0.175652
0.642 0.173993
0.643 0.172242
0.644 0.170401
0.645 0.168472
0.646 0.166458
0.647 0.16436
0.648 0.162182
0.649 0.159926
0.65 0.157594
0.651 0.155189
0.652 0.152713
0.653 0.150168
0.654 0.147557
0.655 0.144883
0.656 0.142148
0.657 0.139355
0.658 0.136506
0.659 0.133603
0.66 0.13065
0.661 0.127649
0.662 0.124602
0.663 0.121512
0.664 0.118381
0.665 0.115213
0.666 0.112009
0.667 0.108772
0.668 0.105505
0.669 0.102211
0.67 0.0988908
0.671 0.0955484
0.672 0.0921859
0.673 0.0888058
0.674 0.0854106
0.675 0.0820027
0.676 0.0785846
0.677 0.0751588
0.678 0.0717276
0.679 0.0682935
0.68 0.0648588
0.681 0.0614259
0.682 0.057997
0.683 0.0545746
0.684 0.0511608
0.685 0.0477579
0.686 0.0443681
0.687 0.0409935
0.688 0.0376364
0.689 0.0342987
0.69 0.0309825
0.691 0.0276899
0.692 0.0244229
0.693 0.0211833
0.694 0.0179732
0.695 0.0147943
0.696 0.0116484
0.697 0.00853737
0.698 0.00546289
0.699 0.00242663
0.7 0.00056977
0.701 0.00352474
0.702 0.00643676
0.703 0.00930434
0.704 0.0121261
0.705 0.0149005
0.706 0.0176265
0.707 0.0203025
0.708 0.0229276
0.709 0.0255004
0.71 0.02802
0.711 0.0304851
0.712 0.032895
0.713 0.0352485
0.714 0.0375448
0.715 0.0397832
0.716 0.0419627
0.717 0.0440828
0.718 0.0461428
0.719 0.048142
0.72 0.0500799
0.721 0.051956
0.722 0.05377
0.723 0.0555214
0.724 0.0572099
0.725 0.0588353
0.726 0.0603973
0.727 0.0618958
0.728 0.0633308
0.729 0.0647021
0.73 0.0660098
0.731 0.067254
0.732 0.0684347
0.733 0.0695522
0.734 0.0706067
0.735 0.0715985
0.736 0.0725278
0.737 0.0733951
0.738 0.0742008
0.739 0.0749453
0.74 0.0756292
0.741 0.076253
0.742 0.0768173
0.743 0.0773228
0.744 0.0777702
0.745 0.0781602
0.746 0.0784936
0.747 0.0787712
0.748 0.0789938
0.749 0.0791623
0.75 0.0792777
0.751 0.0793409
0.752 0.0793528
0.753 0.0793145
0.754 0.0792271
0.755 0.0790915
0.756 0.078909
0.757 0.0786806
0.758 0.0784075
0.759 0.0780908
0.76 0.0777317
0.761 0.0773315
0.762 0.0768914
0.763 0.0764126
0.764 0.0758964
0.765 0.075344
0.766 0.0747567
0.767 0.0741359
0.768 0.0734828
0.769 0.0727987
0.77 0.072085
0.771 0.071343
0.772 0.070574
0.773 0.0697793
0.774 0.0689603
0.775 0.0681183
0.776 0.0672546
0.777 0.0663705
0.778 0.0654673
0.779 0.0645464
0.78 0.063609
0.781 0.0626565
0.782 0.06169
0.783 0.060711
0.784 0.0597206
0.785 0.0587201
0.786 0.0577106
0.787 0.0566935
0.788 0.0556699
0.789 0.054641
0.79 0.0536079
0.791 0.0525718
0.792 0.0515338
0.793 0.0504949
0.794 0.0494563
0.795 0.0484189
0.796 0.0473839
0.797 0.0463521
0.798 0.0453246
0.799 0.0443024
0.8 0.0432862
0.801 0.0422771
0.802 0.0412758
0.803 0.0402832
0.804 0.0393002
0.805 0.0383273
0.806 0.0373655
0.807 0.0364154
0.808 0.0354778
0.809 0.0345531
0.81 0.0336421
0.811 0.0327454
0.812 0.0318635
0.813 0.0309969
0.814 0.0301461
0.815 0.0293116
0.816 0.0284939
0.817 0.0276932
0.818 0.0269101
0.819 0.0261447
0.82 0.0253976
0.821 0.0246688
0.822 0.0239587
0.823 0.0232674
0.824 0.0225953
0.825 0.0219424
0.826 0.0213088
0.827 0.0206947
0.828 0.0201002
0.829 0.0195253
0.83 0.01897
0.831 0.0184343
0.832 0.0179183
0.833 0.0174218
0.834 0.0169447
0.835 0.0164871
0.836 0.0160487
0.837 0.0156295
0.838 0.0152292
0.839 0.0148478
0.84 0.0144849
0.841 0.0141404
0.842 0.013814
0.843 0.0135055
0.844 0.0132146
0.845 0.0129411
0.846 0.0126846
0.847 0.0124449
0.848 0.0122215
0.849 0.0120142
0.85 0.0118227
0.851 0.0116465
0.852 0.0114853
0.853 0.0113388
0.854 0.0112065
0.855 0.011088
0.856 0.0109831
0.857 0.0108912
0.858 0.010812
0.859 0.010745
0.86 0.0106899
0.861 0.0106463
0.862 0.0106137
0.863 0.0105918
0.864 0.01058
0.865 0.0105781
0.866 0.0105856
0.867 0.010602
0.868 0.0106271
0.869 0.0106604
0.87 0.0107015
0.871 0.01075
0.872 0.0108055
0.873 0.0108678
0.874 0.0109363
0.875 0.0110107
0.876 0.0110908
0.877 0.011176
0.878 0.0112662
0.879 0.0113609
0.88 0.0114599
0.881 0.0115629
0.882 0.0116695
0.883 0.0117794
0.884 0.0118925
0.885 0.0120083
0.886 0.0121267
0.887 0.0122475
0.888 0.0123703
0.889 0.012495
0.89 0.0126213
0.891 0.0127491
0.892 0.0128781
0.893 0.0130082
0.894 0.0131393
0.895 0.0132711
0.896 0.0134036
0.897 0.0135366
0.898 0.0136699
0.899 0.0138035
0.9 0.0139374
0.901 0.0140713
0.902 0.0142052
0.903 0.0143391
0.904 0.0144729
0.905 0.0146065
0.906 0.0147399
0.907 0.0148732
0.908 0.0150062
0.909 0.015139
0.91 0.0152716
0.911 0.0154039
0.912 0.015536
0.913 0.0156679
0.914 0.0157996
0.915 0.0159312
0.916 0.0160626
0.917 0.0161941
0.918 0.0163255
0.919 0.0164569
0.92 0.0165884
0.921 0.0167201
0.922 0.0168519
0.923 0.0169841
0.924 0.0171165
0.925 0.0172494
0.926 0.0173827
0.927 0.0175166
0.928 0.017651
0.929 0.0177861
0.93 0.017922
0.931 0.0180586
0.932 0.018196
0.933 0.0183343
0.934 0.0184736
0.935 0.0186139
0.936 0.0187552
0.937 0.0188976
0.938 0.0190412
0.939 0.0191859
0.94 0.0193317
0.941 0.0194788
0.942 0.019627
0.943 0.0197765
0.944 0.0199272
0.945 0.0200792
0.946 0.0202323
0.947 0.0203865
0.948 0.020542
0.949 0.0206985
0.95 0.0208561
0.951 0.0210147
0.952 0.0211742
0.953 0.0213345
0.954 0.0214957
0.955 0.0216576
0.956 0.02182
0.957 0.0219829
0.958 0.0221462
0.959 0.0223097
0.96 0.0224733
0.961 0.0226369
0.962 0.0228003
0.963 0.0229633
0.964 0.0231257
0.965 0.0232875
0.966 0.0234483
0.967 0.0236081
0.968 0.0237665
0.969 0.0239234
0.97 0.0240786
0.971 0.0242318
0.972 0.0243827
0.973 0.0245313
0.974 0.0246771
0.975 0.0248201
0.976 0.0249598
0.977 0.025096
0.978 0.0252285
0.979 0.025357
0.98 0.0254812
0.981 0.0256008
0.982 0.0257155
0.983 0.0258252
0.984 0.0259294
0.985 0.0260278
0.986 0.0261203
0.987 0.0262064
0.988 0.026286
0.989 0.0263587
0.99 0.0264242
0.991 0.0264822
0.992 0.0265324
0.993 0.0265747
0.994 0.0266086
0.995 0.0266339
0.996 0.0266503
0.997 0.0266576
0.998 0.0266555
0.999 0.0266437
