-4.4576 324.743
-4.3661 323.733
-4.27462 323.767
-4.18313 323.55
-4.09164 323.679
-4.00015 323.055
-3.90866 324.129
-3.81717 323.671
-3.72568 323.428
-3.63419 323.806
-3.5427 323.744
-3.45121 323.809
-3.35972 323.289
-3.26823 323.764
-3.17674 323.219
-3.08525 323.92
-2.99376 323.268
-2.90227 323.531
-2.81078 323.617
-2.71929 322.678
-2.6278 322.401
-2.53631 322.431
-2.44482 323.685
-2.35333 328.503
-2.26184 338.711
-2.17035 354.552
-2.07886 375.984
-1.98737 399.052
-1.89588 418.039
-1.80439 431.591
-1.7129 434.975
-1.62141 433.132
-1.52992 422.226
-1.43843 404.331
-1.34694 378.169
-1.25545 351.411
-1.16396 328.714
-1.07247 313.039
-0.98098 303.826
-0.88949 296.716
-0.798 291.197
-0.70651 286.365
-0.61503 282.111
-0.52354 276.302
-0.43205 268.591
-0.34056 258.237
-0.24907 244.628
-0.15758 231.639
-0.06609 221.72
0.0254 217.777
0.11689 221.695
0.20838 232.525
0.29987 246.131
0.39136 258.879
0.48285 269.173
0.57434 277.354
0.66583 283.213
0.75732 287.689
0.84881 292.465
0.9403 296.934
1.03179 303.682
1.12328 316.129
1.21477 333.239
1.30626 355.689
1.39775 380.397
1.48924 404.013
1.58073 422.109
1.67222 432.023
1.76371 434.567
1.8552 429.028
1.94669 416.595
2.03818 397.293
2.12967 375.506
2.22116 354.424
2.31265 338.664
2.40414 328.438
2.49563 323.962
2.58712 322.402
2.67861 322.799
2.7701 322.926
2.86159 323.37
2.95308 323.208
3.04457 323.503
3.13606 323.357
3.22755 324.007
3.31903 323.568
3.41052 324.182
3.50201 323.045
3.5935 323.82
3.68499 323.759
3.77648 323.744
3.86797 323.626
3.95946 323.644
4.05095 323.824
4.14244 323.879
4.23393 322.929
4.32542 324.455
4.41691 323.145
4.5084 322.731
