0 0.699658
0.001 0.69927
0.002 0.698107
0.003 0.696168
0.004 0.693455
0.005 0.689969
0.006 0.685711
0.007 0.680684
0.008 0.67489
0.009 0.66833
0.01 0.661009
0.011 0.652929
0.012 0.644094
0.013 0.634508
0.014 0.624175
0.015 0.6131
0.016 0.601288
0.017 0.588743
0.018 0.575472
0.019 0.56148
0.02 0.546773
0.021 0.531358
0.022 0.515242
0.023 0.498432
0.024 0.480934
0.025 0.462758
0.026 0.443909
0.027 0.424398
0.028 0.404232
0.029 0.38342
0.03 0.36197
0.031 0.339893
0.032 0.317198
0.033 0.293894
0.034 0.269992
0.035 0.245501
0.036 0.220432
0.037 0.194795
0.038 0.168602
0.039 0.141864
0.04 0.114591
0.041 0.0867958
0.042 0.0584891
0.043 0.0296829
0.044 0.000389164
0.045 0.0293799
0.046 0.0596121
0.047 0.0902951
0.048 0.121416
0.049 0.152963
0.05 0.184922
0.051 0.217281
0.052 0.250027
0.053 0.283146
0.054 0.316626
0.055 0.350453
0.056 0.384613
0.057 0.419094
0.058 0.453881
0.059 0.488962
0.06 0.524321
0.061 0.559947
0.062 0.595824
0.063 0.63194
0.064 0.668279
0.065 0.70483
0.066 0.741577
0.067 0.778507
0.068 0.815606
0.069 0.852861
0.07 0.890256
0.071 0.92778
0.072 0.965417
0.073 1.00315
0.074 1.04098
0.075 1.07887
0.076 1.11683
0.077 1.15483
0.078 1.19286
0.079 1.23091
0.08 1.26897
0.081 1.30702
0.082 1.34505
0.083 1.38304
0.084 1.42098
0.085 1.45887
0.086 1.49668
0.087 1.5344
0.088 1.57203
0.089 1.60954
0.09 1.64693
0.091 1.68419
0.092 1.72129
0.093 1.75824
0.094 1.79501
0.095 1.83159
0.096 1.86798
0.097 1.90416
0.098 1.94013
0.099 1.97586
0.1 2.01135
0.101 2.04658
0.102 2.08155
0.103 2.11625
0.104 2.15066
0.105 2.18477
0.106 2.21858
0.107 2.25207
0.108 2.28523
0.109 2.31806
0.11 2.35054
0.111 2.38266
0.112 2.41442
0.113 2.4458
0.114 2.4768
0.115 2.5074
0.116 2.5376
0.117 2.56739
0.118 2.59676
0.119 2.6257
0.12 2.6542
0.121 2.68226
0.122 2.70987
0.123 2.73702
0.124 2.7637
0.125 2.7899
0.126 2.81563
0.127 2.84086
0.128 2.86559
0.129 2.88982
0.13 2.91354
0.131 2.93674
0.132 2.95942
0.133 2.98157
0.134 3.00319
0.135 3.02426
0.136 3.04478
0.137 3.06475
0.138 3.08417
0.139 3.10301
0.14 3.12129
0.141 3.139
0.142 3.15612
0.143 3.17267
0.144 3.18862
0.145 3.20398
0.146 3.21875
0.147 3.23291
0.148 3.24647
0.149 3.25942
0.15 3.27176
0.151 3.28348
0.152 3.29458
0.153 3.30506
0.154 3.31492
0.155 3.32414
0.156 3.33274
0.157 3.3407
0.158 3.34803
0.159 3.35472
0.16 3.36077
0.161 3.36618
0.162 3.37094
0.163 3.37506
0.164 3.37853
0.165 3.38136
0.166 3.38354
0.167 3.38506
0.168 3.38594
0.169 3.38616
0.17 3.38573
0.171 3.38465
0.172 3.38292
0.173 3.38054
0.174 3.37751
0.175 3.37382
0.176 3.36948
0.177 3.3645
0.178 3.35886
0.179 3.35258
0.18 3.34565
0.181 3.33807
0.182 3.32985
0.183 3.32099
0.184 3.31149
0.185 3.30135
0.186 3.29058
0.187 3.27917
0.188 3.26714
0.189 3.25447
0.19 3.24118
0.191 3.22728
0.192 3.21275
0.193 3.19761
0.194 3.18186
0.195 3.1655
0.196 3.14855
0.197 3.13099
0.198 3.11284
0.199 3.09411
0.2 3.07479
0.201 3.05489
0.202 3.03442
0.203 3.01338
0.204 2.99178
0.205 2.96962
0.206 2.94691
0.207 2.92366
0.208 2.89988
0.209 2.87556
0.21 2.85072
0.211 2.82536
0.212 2.79949
0.213 2.77312
0.214 2.74625
0.215 2.71889
0.216 2.69106
0.217 2.66275
0.218 2.63398
0.219 2.60475
0.22 2.57508
0.221 2.54497
0.222 2.51443
0.223 2.48347
0.224 2.4521
0.225 2.42032
0.226 2.38816
0.227 2.35561
0.228 2.32268
0.229 2.28939
0.23 2.25575
0.231 2.22177
0.232 2.18745
0.233 2.15281
0.234 2.11786
0.235 2.08261
0.236 2.04706
0.237 2.01124
0.238 1.97514
0.239 1.93879
0.24 1.90219
0.241 1.86535
0.242 1.8283
0.243 1.79102
0.244 1.75355
0.245 1.71589
0.246 1.67804
0.247 1.64003
0.248 1.60187
0.249 1.56357
0.25 1.52513
0.251 1.48657
0.252 1.44791
0.253 1.40915
0.254 1.37031
0.255 1.33139
0.256 1.29242
0.257 1.2534
0.258 1.21434
0.259 1.17527
0.26 1.13618
0.261 1.09709
0.262 1.05801
0.263 1.01896
0.264 0.97995
0.265 0.940986
0.266 0.902083
0.267 0.863253
0.268 0.824507
0.269 0.785858
0.27 0.747316
0.271 0.708894
0.272 0.670603
0.273 0.632455
0.274 0.59446
0.275 0.556631
0.276 0.518978
0.277 0.481513
0.278 0.444246
0.279 0.407189
0.28 0.370352
0.281 0.333745
0.282 0.29738
0.283 0.261267
0.284 0.225415
0.285 0.189836
0.286 0.154539
0.287 0.119534
0.288 0.0848298
0.289 0.0504372
0.29 0.0163651
0.291 0.0173773
0.292 0.050781
0.293 0.083837
0.294 0.116537
0.295 0.148872
0.296 0.180833
0.297 0.212414
0.298 0.243605
0.299 0.274399
0.3 0.304788
0.301 0.334765
0.302 0.364323
0.303 0.393454
0.304 0.422152
0.305 0.450411
0.306 0.478223
0.307 0.505583
0.308 0.532485
0.309 0.558922
0.31 0.58489
0.311 0.610383
0.312 0.635395
0.313 0.659922
0.314 0.683959
0.315 0.707502
0.316 0.730546
0.317 0.753087
0.318 0.775122
0.319 0.796646
0.32 0.817656
0.321 0.838149
0.322 0.858122
0.323 0.877573
0.324 0.896497
0.325 0.914894
0.326 0.932761
0.327 0.950095
0.328 0.966896
0.329 0.983161
0.33 0.99889
0.331 1.01408
0.332 1.02873
0.333 1.04285
0.334 1.05642
0.335 1.06945
0.336 1.08194
0.337 1.09389
0.338 1.1053
0.339 1.11617
0.34 1.1265
0.341 1.1363
0.342 1.14555
0.343 1.15427
0.344 1.16245
0.345 1.17011
0.346 1.17722
0.347 1.18381
0.348 1.18987
0.349 1.19541
0.35 1.20042
0.351 1.20491
0.352 1.20888
0.353 1.21234
0.354 1.21528
0.355 1.21772
0.356 1.21965
0.357 1.22107
0.358 1.222
0.359 1.22243
0.36 1.22237
0.361 1.22182
0.362 1.22079
0.363 1.21928
0.364 1.2173
0.365 1.21484
0.366 1.21192
0.367 1.20853
0.368 1.20469
0.369 1.2004
0.37 1.19566
0.371 1.19047
0.372 1.18485
0.373 1.1788
0.374 1.17233
0.375 1.16543
0.376 1.15812
0.377 1.1504
0.378 1.14227
0.379 1.13375
0.38 1.12484
0.381 1.11554
0.382 1.10586
0.383 1.0958
0.384 1.08538
0.385 1.0746
0.386 1.06346
0.387 1.05197
0.388 1.04014
0.389 1.02797
0.39 1.01548
0.391 1.00266
0.392 0.989521
0.393 0.976076
0.394 0.962328
0.395 0.948283
0.396 0.93395
0.397 0.919333
0.398 0.904441
0.399 0.889279
0.4 0.873856
0.401 0.858178
0.402 0.842252
0.403 0.826085
0.404 0.809684
0.405 0.793055
0.406 0.776208
0.407 0.759147
0.408 0.741881
0.409 0.724416
0.41 0.706761
0.411 0.688921
0.412 0.670904
0.413 0.652717
0.414 0.634368
0.415 0.615864
0.416 0.597211
0.417 0.578418
0.418 0.559491
0.419 0.540437
0.42 0.521264
0.421 0.501979
0.422 0.482589
0.423 0.463101
0.424 0.443523
0.425 0.423862
0.426 0.404124
0.427 0.384318
0.428 0.364449
0.429 0.344526
0.43 0.324555
0.431 0.304544
0.432 0.284499
0.433 0.264427
0.434 0.244336
0.435 0.224232
0.436 0.204123
0.437 0.184015
0.438 0.163915
0.439 0.143831
0.44 0.123768
0.441 0.103733
0.442 0.0837344
0.443 0.0637774
0.444 0.0438691
0.445 0.0240161
0.446 0.00422484
0.447 0.0154981
0.448 0.0351464
0.449 0.0547135
0.45 0.0741931
0.451 0.0935791
0.452 0.112865
0.453 0.132045
0.454 0.151113
0.455 0.170062
0.456 0.188888
0.457 0.207583
0.458 0.226142
0.459 0.24456
0.46 0.262831
0.461 0.280949
0.462 0.298908
0.463 0.316704
0.464 0.334331
0.465 0.351783
0.466 0.369056
0.467 0.386144
0.468 0.403043
0.469 0.419747
0.47 0.436252
0.471 0.452553
0.472 0.468646
0.473 0.484525
0.474 0.500188
0.475 0.515628
0.476 0.530843
0.477 0.545827
0.478 0.560578
0.479 0.575091
0.48 0.589362
0.481 0.603388
0.482 0.617166
0.483 0.630692
0.484 0.643962
0.485 0.656974
0.486 0.669724
0.487 0.68221
0.488 0.694428
0.489 0.706377
0.49 0.718054
0.491 0.729455
0.492 0.740579
0.493 0.751424
0.494 0.761988
0.495 0.772268
0.496 0.782264
0.497 0.791973
0.498 0.801393
0.499 0.810524
0.5 0.819364
0.501 0.827912
0.502 0.836168
0.503 0.844129
0.504 0.851796
0.505 0.859168
0.506 0.866244
0.507 0.873024
0.508 0.879508
0.509 0.885696
0.51 0.891588
0.511 0.897183
0.512 0.902483
0.513 0.907488
0.514 0.912198
0.515 0.916614
0.516 0.920737
0.517 0.924567
0.518 0.928106
0.519 0.931356
0.52 0.934316
0.521 0.936989
0.522 0.939377
0.523 0.94148
0.524 0.943301
0.525 0.944841
0.526 0.946103
0.527 0.947088
0.528 0.947799
0.529 0.948238
0.53 0.948407
0.531 0.948309
0.532 0.947947
0.533 0.947323
0.534 0.94644
0.535 0.945301
0.536 0.943909
0.537 0.942266
0.538 0.940377
0.539 0.938243
0.54 0.93587
0.541 0.933259
0.542 0.930414
0.543 0.927339
0.544 0.924038
0.545 0.920514
0.546 0.91677
0.547 0.912811
0.548 0.90864
0.549 0.904261
0.55 0.899679
0.551 0.894897
0.552 0.889918
0.553 0.884748
0.554 0.879391
0.555 0.873849
0.556 0.868129
0.557 0.862233
0.558 0.856166
0.559 0.849933
0.56 0.843537
0.561 0.836983
0.562 0.830275
0.563 0.823418
0.564 0.816416
0.565 0.809273
0.566 0.801994
0.567 0.794582
0.568 0.787044
0.569 0.779381
0.57 0.771601
0.571 0.763705
0.572 0.7557
0.573 0.747588
0.574 0.739375
0.575 0.731065
0.576 0.722663
0.577 0.714171
0.578 0.705596
0.579 0.69694
0.58 0.688208
0.581 0.679405
0.582 0.670534
0.583 0.6616
0.584 0.652607
0.585 0.643558
0.586 0.634458
0.587 0.625311
0.588 0.616121
0.589 0.606891
0.59 0.597626
0.591 0.588329
0.592 0.579005
0.593 0.569656
0.594 0.560286
0.595 0.5509
0.596 0.5415
0.597 0.532091
0.598 0.522675
0.599 0.513257
0.6 0.503839
0.601 0.494425
0.602 0.485018
0.603 0.475622
0.604 0.466239
0.605 0.456873
0.606 0.447527
0.607 0.438203
0.608 0.428905
0.609 0.419636
0.61 0.410398
0.611 0.401194
0.612 0.392027
0.613 0.3829
0.614 0.373815
0.615 0.364774
0.616 0.355781
0.617 0.346838
0.618 0.337946
0.619 0.329109
0.62 0.320329
0.621 0.311608
0.622 0.302947
0.623 0.29435
0.624 0.285818
0.625 0.277353
0.626 0.268957
0.627 0.260632
0.628 0.25238
0.629 0.244203
0.63 0.236102
0.631 0.228079
0.632 0.220136
0.633 0.212274
0.634 0.204495
0.635 0.1968
0.636 0.189191
0.637 0.181669
0.638 0.174236
0.639 0.166892
0.64 0.159639
0.641 0.152479
0.642 0.145411
0.643 0.138438
0.644 0.131561
0.645 0.12478
0.646 0.118097
0.647 0.111512
0.648 0.105027
0.649 0.0986413
0.65 0.092357
0.651 0.0861744
0.652 0.0800944
0.653 0.0741176
0.654 0.0682445
0.655 0.062476
0.656 0.0568125
0.657 0.0512546
0.658 0.0458027
0.659 0.0404573
0.66 0.035219
0.661 0.0300879
0.662 0.0250646
0.663 0.0201492
0.664 0.0153422
0.665 0.0106437
0.666 0.00605388
0.667 0.00157302
0.668 0.00279878
0.669 0.00706143
0.67 0.0112148
0.671 0.015259
0.672 0.0191939
0.673 0.0230195
0.674 0.026736
0.675 0.0303435
0.676 0.033842
0.677 0.0372317
0.678 0.0405129
0.679 0.0436857
0.68 0.0467505
0.681 0.0497076
0.682 0.0525572
0.683 0.0552998
0.684 0.0579357
0.685 0.0604655
0.686 0.0628895
0.687 0.0652082
0.688 0.0674223
0.689 0.0695322
0.69 0.0715386
0.691 0.0734421
0.692 0.0752434
0.693 0.0769431
0.694 0.0785421
0.695 0.080041
0.696 0.0814408
0.697 0.0827421
0.698 0.0839459
0.699 0.0850531
0.7 0.0860645
0.701 0.0869813
0.702 0.0878042
0.703 0.0885345
0.704 0.0891731
0.705 0.0897212
0.706 0.0901798
0.707 0.09055
0.708 0.0908332
0.709 0.0910305
0.71 0.091143
0.711 0.0911722
0.712 0.0911193
0.713 0.0909856
0.714 0.0907725
0.715 0.0904814
0.716 0.0901136
0.717 0.0896707
0.718 0.089154
0.719 0.0885651
0.72 0.0879055
0.721 0.0871767
0.722 0.0863803
0.723 0.0855179
0.724 0.084591
0.725 0.0836013
0.726 0.0825505
0.727 0.0814402
0.728 0.0802721
0.729 0.0790478
0.73 0.0777693
0.731 0.076438
0.732 0.0750559
0.733 0.0736247
0.734 0.0721461
0.735 0.0706219
0.736 0.069054
0.737 0.0674442
0.738 0.0657942
0.739 0.064106
0.74 0.0623812
0.741 0.0606219
0.742 0.0588298
0.743 0.0570067
0.744 0.0551545
0.745 0.0532751
0.746 0.0513703
0.747 0.049442
0.748 0.0474919
0.749 0.045522
0.75 0.043534
0.751 0.0415298
0.752 0.0395111
0.753 0.0374799
0.754 0.0354378
0.755 0.0333868
0.756 0.0313284
0.757 0.0292645
0.758 0.0271969
0.759 0.0251272
0.76 0.0230571
0.761 0.0209884
0.762 0.0189226
0.763 0.0168615
0.764 0.0148065
0.765 0.0127594
0.766 0.0107217
0.767 0.00869485
0.768 0.00668045
0.769 0.00467995
0.77 0.0026948
0.771 0.000726409
0.772 0.00122383
0.773 0.00315456
0.774 0.00506448
0.775 0.00695229
0.776 0.00881674
0.777 0.0106566
0.778 0.0124708
0.779 0.0142581
0.78 0.0160174
0.781 0.0177477
0.782 0.0194479
0.783 0.0211171
0.784 0.0227544
0.785 0.0243588
0.786 0.0259295
0.787 0.0274656
0.788 0.0289665
0.789 0.0304314
0.79 0.0318596
0.791 0.0332504
0.792 0.0346033
0.793 0.0359178
0.794 0.0371932
0.795 0.0384292
0.796 0.0396253
0.797 0.0407812
0.798 0.0418965
0.799 0.0429709
0.8 0.0440042
0.801 0.0449962
0.802 0.0459467
0.803 0.0468556
0.804 0.0477228
0.805 0.0485483
0.806 0.0493321
0.807 0.0500742
0.808 0.0507747
0.809 0.0514338
0.81 0.0520515
0.811 0.0526282
0.812 0.0531639
0.813 0.0536591
0.814 0.054114
0.815 0.0545289
0.816 0.0549042
0.817 0.0552403
0.818 0.0555377
0.819 0.0557968
0.82 0.0560182
0.821 0.0562022
0.822 0.0563496
0.823 0.0564609
0.824 0.0565366
0.825 0.0565775
0.826 0.0565841
0.827 0.0565572
0.828 0.0564974
0.829 0.0564055
0.83 0.0562821
0.831 0.0561281
0.832 0.0559441
0.833 0.0557311
0.834 0.0554897
0.835 0.0552208
0.836 0.0549252
0.837 0.0546038
0.838 0.0542573
0.839 0.0538866
0.84 0.0534926
0.841 0.0530761
0.842 0.052638
0.843 0.0521792
0.844 0.0517004
0.845 0.0512027
0.846 0.0506868
0.847 0.0501536
0.848 0.049604
0.849 0.0490389
0.85 0.0484591
0.851 0.0478654
0.852 0.0472587
0.853 0.0466399
0.854 0.0460097
0.855 0.045369
0.856 0.0447187
0.857 0.0440594
0.858 0.0433921
0.859 0.0427174
0.86 0.0420362
0.861 0.0413491
0.862 0.040657
0.863 0.0399606
0.864 0.0392605
0.865 0.0385575
0.866 0.0378523
0.867 0.0371454
0.868 0.0364376
0.869 0.0357295
0.87 0.0350217
0.871 0.0343147
0.872 0.0336093
0.873 0.0329058
0.874 0.0322049
0.875 0.0315071
0.876 0.0308128
0.877 0.0301226
0.878 0.0294369
0.879 0.0287562
0.88 0.0280809
0.881 0.0274114
0.882 0.0267481
0.883 0.0260913
0.884 0.0254414
0.885 0.0247988
0.886 0.0241638
0.887 0.0235367
0.888 0.0229177
0.889 0.0223071
0.89 0.0217051
0.891 0.0211121
0.892 0.0205282
0.893 0.0199537
0.894 0.0193886
0.895 0.0188332
0.896 0.0182877
0.897 0.0177521
0.898 0.0172267
0.899 0.0167115
0.9 0.0162067
0.901 0.0157124
0.902 0.0152285
0.903 0.0147553
0.904 0.0142928
0.905 0.013841
0.906 0.0134
0.907 0.0129699
0.908 0.0125506
0.909 0.0121422
0.91 0.0117448
0.911 0.0113582
0.912 0.0109827
0.913 0.010618
0.914 0.0102644
0.915 0.00992165
0.916 0.00958988
0.917 0.00926905
0.918 0.00895917
0.919 0.0086602
0.92 0.00837216
0.921 0.00809502
0.922 0.00782878
0.923 0.00757342
0.924 0.00732893
0.925 0.00709531
0.926 0.00687255
0.927 0.00666065
0.928 0.0064596
0.929 0.0062694
0.93 0.00609005
0.931 0.00592157
0.932 0.00576396
0.933 0.00561723
0.934 0.0054814
0.935 0.00535649
0.936 0.00524253
0.937 0.00513954
0.938 0.00504755
0.939 0.0049666
0.94 0.00489674
0.941 0.004838
0.942 0.00479044
0.943 0.00475411
0.944 0.00472907
0.945 0.00471537
0.946 0.00471309
0.947 0.00472228
0.948 0.00474304
0.949 0.00477542
0.95 0.0048195
0.951 0.00487538
0.952 0.00494312
0.953 0.00502282
0.954 0.00511457
0.955 0.00521845
0.956 0.00533455
0.957 0.00546297
0.958 0.00560379
0.959 0.00575711
0.96 0.00592301
0.961 0.0061016
0.962 0.00629295
0.963 0.00649716
0.964 0.0067143
0.965 0.00694447
0.966 0.00718773
0.967 0.00744417
0.968 0.00771386
0.969 0.00799687
0.97 0.00829325
0.971 0.00860306
0.972 0.00892636
0.973 0.00926318
0.974 0.00961356
0.975 0.00997754
0.976 0.0103551
0.977 0.0107463
0.978 0.0111512
0.979 0.0115696
0.98 0.0120017
0.981 0.0124473
0.982 0.0129065
0.983 0.0133792
0.984 0.0138653
0.985 0.0143648
0.986 0.0148776
0.987 0.0154035
0.988 0.0159425
0.989 0.0164945
0.99 0.0170592
0.991 0.0176367
0.992 0.0182266
0.993 0.0188288
0.994 0.0194432
0.995 0.0200695
0.996 0.0207075
0.997 0.0213569
0.998 0.0220176
0.999 0.0226892
