-5.64728 315.371
-5.53198 306.348
-5.41678 294.099
-5.30148 281.574
-5.18628 269.536
-5.07098 261.153
-4.95578 255.643
-4.95578 255.066
-4.84053 259.586
-4.72528 269.085
-4.61003 281.242
-4.49478 293.46
-4.37953 305.546
-4.26427 314.258
-4.14902 319.363
-4.03377 322.841
-3.91852 324.238
-3.80327 324.323
-3.68802 324.955
-3.57277 324.689
-3.45752 324.813
-3.34227 324.204
-3.22702 324.937
-3.11177 324.748
-2.99652 325.425
-2.88127 327.959
-2.76602 330.46
-2.65076 337.964
-2.53551 349.323
-2.42026 362.163
-2.30501 375.53
-2.18976 391.245
-2.07451 403.985
-1.95926 409.679
-1.84401 412.829
-1.72876 413.049
-1.61351 405.371
-1.49826 393.676
-1.38301 377.825
-1.26776 358.984
-1.1525 342.809
-1.03725 327.9
-0.922 315.479
-0.80675 304.617
-0.6915 293.488
-0.57625 283.43
-0.461 271.327
-0.34575 260.716
-0.2305 251.338
-0.11525 247.324
0 245.04
0.11525 245.05
0.23051 246.598
0.34576 251.674
0.46101 259.876
0.57626 269.285
0.69151 281.678
0.80676 294.479
0.92201 307.421
1.03726 320.691
1.15251 334.4
1.26776 349.413
1.38301 366.016
1.49826 380.604
1.61351 394.47
1.72877 405.493
1.84402 410.495
1.95927 411.22
2.07452 405.732
2.18977 396.36
2.30502 386.334
2.42027 372.3
2.53552 359.572
2.65077 346.78
2.76602 338.903
2.88127 332.986
2.99652 328.736
3.11177 326.156
3.22703 325.062
3.34228 324.664
3.45753 324.544
3.57278 324.941
3.68803 324.566
3.80328 324.807
3.91853 324.777
4.03378 324.49
4.14903 324.816
4.26428 324.72
4.37953 324.343
4.49478 324.709
4.61003 324.643
4.72529 325.061
4.84054 324.466
4.95579 324.743
5.07102 324.57
5.18632 324.572
5.30152 324.474
5.41682 324.703
5.53202 323.714
5.64732 321.41
