0 0.507715
0.001 0.508008
0.002 0.508886
0.003 0.510345
0.004 0.512376
0.005 0.514968
0.006 0.518109
0.007 0.521781
0.008 0.525965
0.009 0.530637
0.01 0.535774
0.011 0.541346
0.012 0.547323
0.013 0.553672
0.014 0.560356
0.015 0.567338
0.016 0.574577
0.017 0.58203
0.018 0.589653
0.019 0.5974
0.02 0.605221
0.021 0.613066
0.022 0.620885
0.023 0.628624
0.024 0.63623
0.025 0.643646
0.026 0.650818
0.027 0.657688
0.028 0.664198
0.029 0.670292
0.03 0.675911
0.031 0.680996
0.032 0.685491
0.033 0.689337
0.034 0.692476
0.035 0.694853
0.036 0.696412
0.037 0.697096
0.038 0.696853
0.039 0.695629
0.04 0.693374
0.041 0.690037
0.042 0.685571
0.043 0.67993
0.044 0.673069
0.045 0.664947
0.046 0.655523
0.047 0.644761
0.048 0.632625
0.049 0.619085
0.05 0.604109
0.051 0.587673
0.052 0.569752
0.053 0.550325
0.054 0.529376
0.055 0.506891
0.056 0.482857
0.057 0.457269
0.058 0.43012
0.059 0.401412
0.06 0.371146
0.061 0.339328
0.062 0.305968
0.063 0.27108
0.064 0.234678
0.065 0.196784
0.066 0.157421
0.067 0.116616
0.068 0.0743984
0.069 0.0308025
0.07 0.014135
0.071 0.0603741
0.072 0.107872
0.073 0.156581
0.074 0.206454
0.075 0.257437
0.076 0.309476
0.077 0.362513
0.078 0.416488
0.079 0.471338
0.08 0.526999
0.081 0.583404
0.082 0.640482
0.083 0.698164
0.084 0.756377
0.085 0.815045
0.086 0.874094
0.087 0.933446
0.088 0.993024
0.089 1.05275
0.09 1.11254
0.091 1.17231
0.092 1.23199
0.093 1.2915
0.094 1.35075
0.095 1.40966
0.096 1.46815
0.097 1.52614
0.098 1.58355
0.099 1.64031
0.1 1.69633
0.101 1.75154
0.102 1.80586
0.103 1.85922
0.104 1.91154
0.105 1.96277
0.106 2.01282
0.107 2.06163
0.108 2.10914
0.109 2.15529
0.11 2.20002
0.111 2.24326
0.112 2.28498
0.113 2.3251
0.114 2.3636
0.115 2.40042
0.116 2.43552
0.117 2.46887
0.118 2.50043
0.119 2.53016
0.12 2.55804
0.121 2.58405
0.122 2.60816
0.123 2.63035
0.124 2.65062
0.125 2.66895
0.126 2.68533
0.127 2.69977
0.128 2.71226
0.129 2.72281
0.13 2.73142
0.131 2.73811
0.132 2.74289
0.133 2.74579
0.134 2.74681
0.135 2.74599
0.136 2.74336
0.137 2.73894
0.138 2.73278
0.139 2.7249
0.14 2.71536
0.141 2.70419
0.142 2.69144
0.143 2.67716
0.144 2.6614
0.145 2.64421
0.146 2.62565
0.147 2.60578
0.148 2.58465
0.149 2.56233
0.15 2.53888
0.151 2.51436
0.152 2.48884
0.153 2.46239
0.154 2.43507
0.155 2.40694
0.156 2.37809
0.157 2.34858
0.158 2.31847
0.159 2.28784
0.16 2.25676
0.161 2.22529
0.162 2.19351
0.163 2.16148
0.164 2.12926
0.165 2.09694
0.166 2.06456
0.167 2.03221
0.168 1.99993
0.169 1.96779
0.17 1.93585
0.171 1.90418
0.172 1.87281
0.173 1.84182
0.174 1.81124
0.175 1.78114
0.176 1.75156
0.177 1.72254
0.178 1.69413
0.179 1.66636
0.18 1.63928
0.181 1.61291
0.182 1.5873
0.183 1.56247
0.184 1.53844
0.185 1.51524
0.186 1.49289
0.187 1.4714
0.188 1.45079
0.189 1.43107
0.19 1.41225
0.191 1.39434
0.192 1.37733
0.193 1.36122
0.194 1.34601
0.195 1.33169
0.196 1.31826
0.197 1.30569
0.198 1.29398
0.199 1.28311
0.2 1.27305
0.201 1.26378
0.202 1.25528
0.203 1.24751
0.204 1.24045
0.205 1.23407
0.206 1.22832
0.207 1.22318
0.208 1.2186
0.209 1.21454
0.21 1.21096
0.211 1.20782
0.212 1.20508
0.213 1.20268
0.214 1.20058
0.215 1.19874
0.216 1.1971
0.217 1.19561
0.218 1.19423
0.219 1.1929
0.22 1.19158
0.221 1.19022
0.222 1.18875
0.223 1.18715
0.224 1.18534
0.225 1.1833
0.226 1.18096
0.227 1.17828
0.228 1.17521
0.229 1.17172
0.23 1.16775
0.231 1.16325
0.232 1.1582
0.233 1.15255
0.234 1.14626
0.235 1.1393
0.236 1.13163
0.237 1.12321
0.238 1.11402
0.239 1.10404
0.24 1.09322
0.241 1.08156
0.242 1.06903
0.243 1.0556
0.244 1.04127
0.245 1.02602
0.246 1.00984
0.247 0.992716
0.248 0.974649
0.249 0.955632
0.25 0.935666
0.251 0.914752
0.252 0.892896
0.253 0.870105
0.254 0.846389
0.255 0.821761
0.256 0.796237
0.257 0.769834
0.258 0.742574
0.259 0.714478
0.26 0.685573
0.261 0.655887
0.262 0.625449
0.263 0.594293
0.264 0.562452
0.265 0.529963
0.266 0.496865
0.267 0.463199
0.268 0.429006
0.269 0.394331
0.27 0.359219
0.271 0.323716
0.272 0.287872
0.273 0.251736
0.274 0.215359
0.275 0.178792
0.276 0.142088
0.277 0.105299
0.278 0.0684808
0.279 0.0316865
0.28 0.00502895
0.281 0.0416107
0.282 0.0780037
0.283 0.114153
0.284 0.150004
0.285 0.185503
0.286 0.220595
0.287 0.255227
0.288 0.289346
0.289 0.322901
0.29 0.355841
0.291 0.388115
0.292 0.419675
0.293 0.450475
0.294 0.480467
0.295 0.509608
0.296 0.537855
0.297 0.565166
0.298 0.591503
0.299 0.616828
0.3 0.641106
0.301 0.664304
0.302 0.686389
0.303 0.707334
0.304 0.727112
0.305 0.745698
0.306 0.76307
0.307 0.779209
0.308 0.794098
0.309 0.807722
0.31 0.820069
0.311 0.831129
0.312 0.840895
0.313 0.849364
0.314 0.856532
0.315 0.862402
0.316 0.866975
0.317 0.870258
0.318 0.87226
0.319 0.87299
0.32 0.872463
0.321 0.870693
0.322 0.867699
0.323 0.863501
0.324 0.858121
0.325 0.851585
0.326 0.843919
0.327 0.835153
0.328 0.825316
0.329 0.814442
0.33 0.802566
0.331 0.789724
0.332 0.775953
0.333 0.761294
0.334 0.745787
0.335 0.729475
0.336 0.712401
0.337 0.69461
0.338 0.676147
0.339 0.657059
0.34 0.637393
0.341 0.617198
0.342 0.596522
0.343 0.575414
0.344 0.553923
0.345 0.532099
0.346 0.509992
0.347 0.487652
0.348 0.465127
0.349 0.442468
0.35 0.419723
0.351 0.396941
0.352 0.374169
0.353 0.351456
0.354 0.328847
0.355 0.306388
0.356 0.284123
0.357 0.262098
0.358 0.240352
0.359 0.218929
0.36 0.197867
0.361 0.177205
0.362 0.15698
0.363 0.137227
0.364 0.117979
0.365 0.0992698
0.366 0.0811281
0.367 0.0635827
0.368 0.0466602
0.369 0.030385
0.37 0.0147799
0.371 0.000134494
0.372 0.0143395
0.373 0.0278185
0.374 0.0405569
0.375 0.0525422
0.376 0.0637641
0.377 0.0742142
0.378 0.0838862
0.379 0.0927759
0.38 0.100881
0.381 0.108202
0.382 0.11474
0.383 0.1205
0.384 0.125487
0.385 0.129709
0.386 0.133176
0.387 0.135899
0.388 0.137892
0.389 0.139169
0.39 0.139748
0.391 0.139647
0.392 0.138885
0.393 0.137484
0.394 0.135467
0.395 0.132858
0.396 0.129683
0.397 0.125967
0.398 0.121739
0.399 0.117027
0.4 0.111861
0.401 0.106271
0.402 0.100289
0.403 0.0939458
0.404 0.0872748
0.405 0.0803085
0.406 0.0730803
0.407 0.0656238
0.408 0.0579728
0.409 0.0501612
0.41 0.0422229
0.411 0.0341919
0.412 0.0261019
0.413 0.0179863
0.414 0.00987824
0.415 0.00181051
0.416 0.00618469
0.417 0.0140757
0.418 0.0218317
0.419 0.0294222
0.42 0.036818
0.421 0.0439905
0.422 0.0509121
0.423 0.0575563
0.424 0.0638976
0.425 0.0699117
0.426 0.0755753
0.427 0.0808668
0.428 0.0857654
0.429 0.090252
0.43 0.0943086
0.431 0.0979189
0.432 0.101068
0.433 0.103742
0.434 0.105929
0.435 0.107619
0.436 0.108803
0.437 0.109473
0.438 0.109624
0.439 0.109251
0.44 0.108352
0.441 0.106926
0.442 0.104973
0.443 0.102494
0.444 0.0994944
0.445 0.0959782
0.446 0.0919521
0.447 0.087424
0.448 0.0824034
0.449 0.0769009
0.45 0.0709287
0.451 0.0645003
0.452 0.0576302
0.453 0.0503345
0.454 0.0426301
0.455 0.0345353
0.456 0.0260692
0.457 0.0172522
0.458 0.00810534
0.459 0.00134925
0.46 0.0110887
0.461 0.0210895
0.462 0.0313272
0.463 0.0417771
0.464 0.0524135
0.465 0.0632107
0.466 0.0741423
0.467 0.0851816
0.468 0.0963018
0.469 0.107476
0.47 0.118676
0.471 0.129876
0.472 0.141048
0.473 0.152164
0.474 0.163199
0.475 0.174125
0.476 0.184916
0.477 0.195546
0.478 0.205989
0.479 0.21622
0.48 0.226215
0.481 0.23595
0.482 0.245402
0.483 0.254547
0.484 0.263366
0.485 0.271836
0.486 0.279938
0.487 0.287652
0.488 0.294962
0.489 0.30185
0.49 0.308299
0.491 0.314296
0.492 0.319827
0.493 0.324878
0.494 0.32944
0.495 0.333501
0.496 0.337053
0.497 0.340088
0.498 0.342601
0.499 0.344585
0.5 0.346037
0.501 0.346954
0.502 0.347335
0.503 0.347181
0.504 0.346492
0.505 0.34527
0.506 0.343521
0.507 0.341248
0.508 0.338457
0.509 0.335157
0.51 0.331356
0.511 0.327063
0.512 0.322289
0.513 0.317046
0.514 0.311347
0.515 0.305206
0.516 0.298637
0.517 0.291657
0.518 0.284281
0.519 0.276527
0.52 0.268415
0.521 0.259961
0.522 0.251187
0.523 0.242112
0.524 0.232757
0.525 0.223143
0.526 0.213293
0.527 0.203228
0.528 0.192972
0.529 0.182546
0.53 0.171974
0.531 0.161279
0.532 0.150486
0.533 0.139616
0.534 0.128693
0.535 0.117742
0.536 0.106785
0.537 0.0958458
0.538 0.0849467
0.539 0.0741107
0.54 0.0633602
0.541 0.052717
0.542 0.0422029
0.543 0.0318388
0.544 0.0216453
0.545 0.0116425
0.546 0.00184972
0.547 0.00771425
0.548 0.0170314
0.549 0.0260843
0.55 0.0348564
0.551 0.043332
0.552 0.0514961
0.553 0.0593347
0.554 0.0668344
0.555 0.073983
0.556 0.0807693
0.557 0.0871826
0.558 0.0932136
0.559 0.0988539
0.56 0.104096
0.561 0.108933
0.562 0.11336
0.563 0.117373
0.564 0.120967
0.565 0.124141
0.566 0.126894
0.567 0.129224
0.568 0.131132
0.569 0.132621
0.57 0.133692
0.571 0.13435
0.572 0.134598
0.573 0.134442
0.574 0.133889
0.575 0.132945
0.576 0.13162
0.577 0.12992
0.578 0.127858
0.579 0.125442
0.58 0.122684
0.581 0.119596
0.582 0.116191
0.583 0.112481
0.584 0.108482
0.585 0.104206
0.586 0.0996689
0.587 0.0948862
0.588 0.0898735
0.589 0.084647
0.59 0.0792233
0.591 0.0736192
0.592 0.0678518
0.593 0.0619384
0.594 0.0558965
0.595 0.0497437
0.596 0.0434978
0.597 0.0371764
0.598 0.0307973
0.599 0.0243783
0.6 0.0179368
0.601 0.0114905
0.602 0.00505649
0.603 0.00134799
0.604 0.00770614
0.605 0.0140014
0.606 0.0202176
0.607 0.0263388
0.608 0.0323497
0.609 0.0382351
0.61 0.0439806
0.611 0.049572
0.612 0.0549959
0.613 0.0602393
0.614 0.0652898
0.615 0.0701356
0.616 0.0747656
0.617 0.0791693
0.618 0.0833369
0.619 0.0872592
0.62 0.0909279
0.621 0.0943351
0.622 0.0974741
0.623 0.100338
0.624 0.102923
0.625 0.105222
0.626 0.107233
0.627 0.108952
0.628 0.110376
0.629 0.111505
0.63 0.112337
0.631 0.112871
0.632 0.113109
0.633 0.113053
0.634 0.112703
0.635 0.112063
0.636 0.111136
0.637 0.109927
0.638 0.108441
0.639 0.106682
0.64 0.104658
0.641 0.102375
0.642 0.0998402
0.643 0.0970619
0.644 0.0940485
0.645 0.0908091
0.646 0.0873533
0.647 0.083691
0.648 0.0798327
0.649 0.0757894
0.65 0.0715722
0.651 0.0671927
0.652 0.0626628
0.653 0.0579949
0.654 0.0532012
0.655 0.0482945
0.656 0.0432877
0.657 0.0381938
0.658 0.0330259
0.659 0.0277973
0.66 0.0225212
0.661 0.017211
0.662 0.01188
0.663 0.00654145
0.664 0.0012085
0.665 0.00410573
0.666 0.00938831
0.667 0.0146265
0.668 0.0198076
0.669 0.0249194
0.67 0.0299497
0.671 0.0348867
0.672 0.039719
0.673 0.0444353
0.674 0.0490248
0.675 0.0534772
0.676 0.0577823
0.677 0.0619307
0.678 0.0659131
0.679 0.0697209
0.68 0.073346
0.681 0.0767805
0.682 0.0800174
0.683 0.0830499
0.684 0.0858721
0.685 0.0884783
0.686 0.0908636
0.687 0.0930235
0.688 0.0949543
0.689 0.0966526
0.69 0.0981158
0.691 0.0993419
0.692 0.100329
0.693 0.101077
0.694 0.101585
0.695 0.101854
0.696 0.101884
0.697 0.101677
0.698 0.101234
0.699 0.100559
0.7 0.0996544
0.701 0.0985239
0.702 0.0971718
0.703 0.0956027
0.704 0.093822
0.705 0.0918352
0.706 0.0896485
0.707 0.0872685
0.708 0.0847024
0.709 0.0819575
0.71 0.0790417
0.711 0.0759632
0.712 0.0727306
0.713 0.0693527
0.714 0.0658389
0.715 0.0621986
0.716 0.0584414
0.717 0.0545775
0.718 0.0506169
0.719 0.0465701
0.72 0.0424475
0.721 0.0382599
0.722 0.0340179
0.723 0.0297325
0.724 0.0254144
0.725 0.0210747
0.726 0.0167241
0.727 0.0123738
0.728 0.00803433
0.729 0.00371664
0.73 0.00056864
0.731 0.00481098
0.732 0.00899998
0.733 0.0131254
0.734 0.0171773
0.735 0.0211458
0.736 0.0250213
0.737 0.0287946
0.738 0.0324566
0.739 0.0359986
0.74 0.0394123
0.741 0.0426895
0.742 0.0458226
0.743 0.0488042
0.744 0.0516274
0.745 0.0542857
0.746 0.0567729
0.747 0.0590834
0.748 0.061212
0.749 0.0631537
0.75 0.0649044
0.751 0.0664601
0.752 0.0678174
0.753 0.0689735
0.754 0.0699259
0.755 0.0706727
0.756 0.0712124
0.757 0.0715441
0.758 0.0716674
0.759 0.0715824
0.76 0.0712894
0.761 0.0707897
0.762 0.0700846
0.763 0.0691762
0.764 0.068067
0.765 0.0667599
0.766 0.0652582
0.767 0.0635658
0.768 0.0616871
0.769 0.0596266
0.77 0.0573896
0.771 0.0549815
0.772 0.0524082
0.773 0.0496761
0.774 0.0467917
0.775 0.043762
0.776 0.0405944
0.777 0.0372964
0.778 0.0338759
0.779 0.0303411
0.78 0.0267005
0.781 0.0229625
0.782 0.0191362
0.783 0.0152304
0.784 0.0112545
0.785 0.00721769
0.786 0.00312954
0.787 0.00100042
0.788 0.00516255
0.789 0.00934715
0.79 0.0135445
0.791 0.0177448
0.792 0.0219383
0.793 0.0261154
0.794 0.0302664
0.795 0.0343817
0.796 0.0384519
0.797 0.0424676
0.798 0.0464196
0.799 0.0502989
0.8 0.0540965
0.801 0.0578039
0.802 0.0614126
0.803 0.0649144
0.804 0.0683014
0.805 0.0715659
0.806 0.0747005
0.807 0.0776982
0.808 0.0805522
0.809 0.0832562
0.81 0.0858042
0.811 0.0881904
0.812 0.0904095
0.813 0.0924567
0.814 0.0943275
0.815 0.0960178
0.816 0.0975239
0.817 0.0988426
0.818 0.099971
0.819 0.100907
0.82 0.101648
0.821 0.102194
0.822 0.102542
0.823 0.102693
0.824 0.102646
0.825 0.102402
0.826 0.101961
0.827 0.101325
0.828 0.100495
0.829 0.0994741
0.83 0.098264
0.831 0.0968679
0.832 0.0952893
0.833 0.093532
0.834 0.0916003
0.835 0.0894987
0.836 0.0872322
0.837 0.0848063
0.838 0.0822266
0.839 0.0794993
0.84 0.0766308
0.841 0.0736277
0.842 0.0704972
0.843 0.0672465
0.844 0.0638832
0.845 0.0604151
0.846 0.0568503
0.847 0.053197
0.848 0.0494637
0.849 0.045659
0.85 0.0417918
0.851 0.0378708
0.852 0.0339052
0.853 0.029904
0.854 0.0258765
0.855 0.0218318
0.856 0.0177793
0.857 0.0137281
0.858 0.00968752
0.859 0.0056668
0.86 0.00167507
0.861 0.00227862
0.862 0.00618528
0.863 0.0100361
0.864 0.0138223
0.865 0.0175354
0.866 0.021167
0.867 0.024709
0.868 0.0281535
0.869 0.0314926
0.87 0.0347191
0.871 0.0378257
0.872 0.0408055
0.873 0.043652
0.874 0.0463588
0.875 0.0489202
0.876 0.0513305
0.877 0.0535846
0.878 0.0556775
0.879 0.0576049
0.88 0.0593627
0.881 0.0609472
0.882 0.0623552
0.883 0.063584
0.884 0.0646311
0.885 0.0654945
0.886 0.0661728
0.887 0.0666649
0.888 0.0669702
0.889 0.0670884
0.89 0.0670199
0.891 0.0667653
0.892 0.0663257
0.893 0.0657029
0.894 0.0648987
0.895 0.0639157
0.896 0.0627567
0.897 0.0614251
0.898 0.0599244
0.899 0.0582589
0.9 0.0564331
0.901 0.0544517
0.902 0.0523201
0.903 0.0500439
0.904 0.0476291
0.905 0.0450818
0.906 0.0424088
0.907 0.0396169
0.908 0.0367133
0.909 0.0337054
0.91 0.030601
0.911 0.0274079
0.912 0.0241343
0.913 0.0207885
0.914 0.0173791
0.915 0.0139146
0.916 0.0104039
0.917 0.00685577
0.918 0.00327928
0.919 0.000316557
0.92 0.00392265
0.921 0.00752988
0.922 0.0111291
0.923 0.0147114
0.924 0.0182674
0.925 0.0217884
0.926 0.0252654
0.927 0.0286897
0.928 0.0320524
0.929 0.0353452
0.93 0.0385597
0.931 0.0416878
0.932 0.0447214
0.933 0.0476529
0.934 0.0504749
0.935 0.0531801
0.936 0.0557616
0.937 0.0582128
0.938 0.0605275
0.939 0.0626996
0.94 0.0647236
0.941 0.0665942
0.942 0.0683066
0.943 0.0698561
0.944 0.0712389
0.945 0.0724512
0.946 0.0734896
0.947 0.0743515
0.948 0.0750344
0.949 0.0755363
0.95 0.0758558
0.951 0.0759917
0.952 0.0759434
0.953 0.0757109
0.954 0.0752943
0.955 0.0746945
0.956 0.0739126
0.957 0.0729503
0.958 0.0718097
0.959 0.0704933
0.96 0.0690042
0.961 0.0673457
0.962 0.0655217
0.963 0.0635364
0.964 0.0613945
0.965 0.0591011
0.966 0.0566614
0.967 0.0540814
0.968 0.0513672
0.969 0.0485253
0.97 0.0455625
0.971 0.0424859
0.972 0.0393028
0.973 0.0360211
0.974 0.0326486
0.975 0.0291935
0.976 0.0256642
0.977 0.0220693
0.978 0.0184175
0.979 0.0147177
0.98 0.010979
0.981 0.00721048
0.982 0.00342142
0.983 0.00037888
0.984 0.0041811
0.985 0.00797587
0.986 0.0117538
0.987 0.0155057
0.988 0.0192221
0.989 0.022894
0.99 0.0265121
0.991 0.0300676
0.992 0.0335515
0.993 0.0369552
0.994 0.0402702
0.995 0.0434881
0.996 0.0466011
0.997 0.0496011
0.998 0.0524806
0.999 0.0552325
