0 1.14855
0.001 1.14811
0.002 1.14678
0.003 1.14457
0.004 1.14147
0.005 1.1375
0.006 1.13265
0.007 1.12693
0.008 1.12035
0.009 1.11292
0.01 1.10464
0.011 1.09552
0.012 1.08557
0.013 1.0748
0.014 1.06323
0.015 1.05087
0.016 1.03772
0.017 1.0238
0.018 1.00914
0.019 0.99373
0.02 0.977599
0.021 0.96076
0.022 0.943228
0.023 0.92502
0.024 0.906152
0.025 0.886642
0.026 0.866506
0.027 0.845762
0.028 0.824427
0.029 0.802518
0.03 0.780052
0.031 0.757048
0.032 0.733523
0.033 0.709493
0.034 0.684976
0.035 0.659989
0.036 0.634548
0.037 0.60867
0.038 0.582371
0.039 0.555666
0.04 0.528572
0.041 0.501104
0.042 0.473275
0.043 0.445101
0.044 0.416596
0.045 0.387773
0.046 0.358645
0.047 0.329226
0.048 0.299527
0.049 0.26956
0.05 0.239338
0.051 0.20887
0.052 0.178169
0.053 0.147243
0.054 0.116104
0.055 0.0847609
0.056 0.053223
0.057 0.0214996
0.058 0.0104007
0.059 0.0424692
0.06 0.0746975
0.061 0.107078
0.062 0.139601
0.063 0.172261
0.064 0.205048
0.065 0.237956
0.066 0.270976
0.067 0.304101
0.068 0.337324
0.069 0.370636
0.07 0.404029
0.071 0.437496
0.072 0.471028
0.073 0.504617
0.074 0.538255
0.075 0.571932
0.076 0.605641
0.077 0.639371
0.078 0.673113
0.079 0.706857
0.08 0.740594
0.081 0.774312
0.082 0.808001
0.083 0.84165
0.084 0.875247
0.085 0.908781
0.086 0.942239
0.087 0.975609
0.088 1.00888
0.089 1.04203
0.09 1.07506
0.091 1.10795
0.092 1.14068
0.093 1.17324
0.094 1.20561
0.095 1.23779
0.096 1.26975
0.097 1.30149
0.098 1.33298
0.099 1.36421
0.1 1.39516
0.101 1.42583
0.102 1.45618
0.103 1.48622
0.104 1.51592
0.105 1.54526
0.106 1.57424
0.107 1.60283
0.108 1.63102
0.109 1.6588
0.11 1.68615
0.111 1.71305
0.112 1.7395
0.113 1.76548
0.114 1.79097
0.115 1.81597
0.116 1.84045
0.117 1.86442
0.118 1.88785
0.119 1.91073
0.12 1.93306
0.121 1.95482
0.122 1.97601
0.123 1.99661
0.124 2.01661
0.125 2.03602
0.126 2.05481
0.127 2.07299
0.128 2.09054
0.129 2.10747
0.13 2.12376
0.131 2.13941
0.132 2.15442
0.133 2.16879
0.134 2.1825
0.135 2.19556
0.136 2.20797
0.137 2.21972
0.138 2.23082
0.139 2.24126
0.14 2.25105
0.141 2.26017
0.142 2.26865
0.143 2.27646
0.144 2.28363
0.145 2.29015
0.146 2.29602
0.147 2.30124
0.148 2.30582
0.149 2.30977
0.15 2.31307
0.151 2.31575
0.152 2.3178
0.153 2.31923
0.154 2.32003
0.155 2.32023
0.156 2.31981
0.157 2.31879
0.158 2.31717
0.159 2.31495
0.16 2.31214
0.161 2.30875
0.162 2.30478
0.163 2.30024
0.164 2.29512
0.165 2.28944
0.166 2.28321
0.167 2.27642
0.168 2.26908
0.169 2.2612
0.17 2.25278
0.171 2.24383
0.172 2.23436
0.173 2.22436
0.174 2.21385
0.175 2.20283
0.176 2.1913
0.177 2.17928
0.178 2.16677
0.179 2.15376
0.18 2.14028
0.181 2.12633
0.182 2.1119
0.183 2.09701
0.184 2.08167
0.185 2.06588
0.186 2.04965
0.187 2.03298
0.188 2.01588
0.189 1.99836
0.19 1.98043
0.191 1.96209
0.192 1.94336
0.193 1.92424
0.194 1.90473
0.195 1.88485
0.196 1.86461
0.197 1.84402
0.198 1.82308
0.199 1.8018
0.2 1.7802
0.201 1.75828
0.202 1.73606
0.203 1.71355
0.204 1.69076
0.205 1.66769
0.206 1.64436
0.207 1.62079
0.208 1.59698
0.209 1.57295
0.21 1.5487
0.211 1.52426
0.212 1.49963
0.213 1.47484
0.214 1.44988
0.215 1.42477
0.216 1.39954
0.217 1.37418
0.218 1.34872
0.219 1.32317
0.22 1.29754
0.221 1.27185
0.222 1.24611
0.223 1.22033
0.224 1.19453
0.225 1.16872
0.226 1.14292
0.227 1.11714
0.228 1.09139
0.229 1.06569
0.23 1.04005
0.231 1.01448
0.232 0.988995
0.233 0.963612
0.234 0.938341
0.235 0.913194
0.236 0.888184
0.237 0.863323
0.238 0.838623
0.239 0.814094
0.24 0.78975
0.241 0.765599
0.242 0.741655
0.243 0.717926
0.244 0.694422
0.245 0.671155
0.246 0.648134
0.247 0.625367
0.248 0.602864
0.249 0.580633
0.25 0.558684
0.251 0.537024
0.252 0.515661
0.253 0.494602
0.254 0.473855
0.255 0.453427
0.256 0.433325
0.257 0.413555
0.258 0.394123
0.259 0.375036
0.26 0.356298
0.261 0.337916
0.262 0.319894
0.263 0.302238
0.264 0.284953
0.265 0.268043
0.266 0.251512
0.267 0.235365
0.268 0.219606
0.269 0.204238
0.27 0.189266
0.271 0.174692
0.272 0.16052
0.273 0.146754
0.274 0.133396
0.275 0.120449
0.276 0.107916
0.277 0.0957995
0.278 0.0841021
0.279 0.072826
0.28 0.0619735
0.281 0.0515465
0.282 0.0415471
0.283 0.031977
0.284 0.0228379
0.285 0.0141313
0.286 0.00585866
0.287 0.00197888
0.288 0.00938019
0.289 0.0163443
0.29 0.0228705
0.291 0.0289581
0.292 0.0346066
0.293 0.0398158
0.294 0.0445855
0.295 0.0489158
0.296 0.0528069
0.297 0.0562594
0.298 0.0592737
0.299 0.0618509
0.3 0.0639919
0.301 0.065698
0.302 0.0669706
0.303 0.0678116
0.304 0.0682229
0.305 0.0682067
0.306 0.0677653
0.307 0.0669016
0.308 0.0656183
0.309 0.0639187
0.31 0.0618062
0.311 0.0592844
0.312 0.0563574
0.313 0.0530293
0.314 0.0493045
0.315 0.0451877
0.316 0.0406839
0.317 0.0357983
0.318 0.0305363
0.319 0.0249036
0.32 0.0189061
0.321 0.01255
0.322 0.00584175
0.323 0.00121214
0.324 0.00860481
0.325 0.0163292
0.326 0.0243782
0.327 0.0327442
0.328 0.0414197
0.329 0.0503969
0.33 0.0596679
0.331 0.0692245
0.332 0.0790585
0.333 0.0891615
0.334 0.099525
0.335 0.11014
0.336 0.120999
0.337 0.132092
0.338 0.14341
0.339 0.154945
0.34 0.166687
0.341 0.178628
0.342 0.190758
0.343 0.203067
0.344 0.215548
0.345 0.22819
0.346 0.240985
0.347 0.253924
0.348 0.266996
0.349 0.280193
0.35 0.293506
0.351 0.306926
0.352 0.320443
0.353 0.334049
0.354 0.347735
0.355 0.361492
0.356 0.37531
0.357 0.389181
0.358 0.403097
0.359 0.417049
0.36 0.431028
0.361 0.445026
0.362 0.459033
0.363 0.473043
0.364 0.487046
0.365 0.501035
0.366 0.515001
0.367 0.528936
0.368 0.542833
0.369 0.556683
0.37 0.570478
0.371 0.584212
0.372 0.597875
0.373 0.611461
0.374 0.624963
0.375 0.638372
0.376 0.651681
0.377 0.664883
0.378 0.677971
0.379 0.690938
0.38 0.703776
0.381 0.716479
0.382 0.729039
0.383 0.74145
0.384 0.753705
0.385 0.765797
0.386 0.777719
0.387 0.789465
0.388 0.801029
0.389 0.812404
0.39 0.823584
0.391 0.834562
0.392 0.845332
0.393 0.855889
0.394 0.866226
0.395 0.876337
0.396 0.886217
0.397 0.89586
0.398 0.90526
0.399 0.914413
0.4 0.923313
0.401 0.931954
0.402 0.940332
0.403 0.948443
0.404 0.95628
0.405 0.96384
0.406 0.971119
0.407 0.978111
0.408 0.984814
0.409 0.991224
0.41 0.997336
0.411 1.00315
0.412 1.00865
0.413 1.01385
0.414 1.01875
0.415 1.02332
0.416 1.02759
0.417 1.03153
0.418 1.03516
0.419 1.03847
0.42 1.04145
0.421 1.04411
0.422 1.04645
0.423 1.04846
0.424 1.05014
0.425 1.0515
0.426 1.05253
0.427 1.05324
0.428 1.05362
0.429 1.05367
0.43 1.0534
0.431 1.05281
0.432 1.05189
0.433 1.05065
0.434 1.0491
0.435 1.04722
0.436 1.04503
0.437 1.04253
0.438 1.03971
0.439 1.03659
0.44 1.03316
0.441 1.02943
0.442 1.02539
0.443 1.02107
0.444 1.01644
0.445 1.01153
0.446 1.00633
0.447 1.00085
0.448 0.995094
0.449 0.989061
0.45 0.982756
0.451 0.976186
0.452 0.969353
0.453 0.962262
0.454 0.954918
0.455 0.947325
0.456 0.939487
0.457 0.93141
0.458 0.923097
0.459 0.914554
0.46 0.905785
0.461 0.896795
0.462 0.887589
0.463 0.878171
0.464 0.868547
0.465 0.858722
0.466 0.8487
0.467 0.838487
0.468 0.828087
0.469 0.817506
0.47 0.806749
0.471 0.79582
0.472 0.784725
0.473 0.773469
0.474 0.762058
0.475 0.750496
0.476 0.738789
0.477 0.726942
0.478 0.71496
0.479 0.70285
0.48 0.690615
0.481 0.678262
0.482 0.665796
0.483 0.653223
0.484 0.640548
0.485 0.627777
0.486 0.614916
0.487 0.60197
0.488 0.588945
0.489 0.575847
0.49 0.562682
0.491 0.549456
0.492 0.536174
0.493 0.522843
0.494 0.509469
0.495 0.496058
0.496 0.482616
0.497 0.469149
0.498 0.455664
0.499 0.442167
0.5 0.428664
0.501 0.415161
0.502 0.401666
0.503 0.388183
0.504 0.374721
0.505 0.361285
0.506 0.347881
0.507 0.334517
0.508 0.321198
0.509 0.307931
0.51 0.294723
0.511 0.281579
0.512 0.268506
0.513 0.25551
0.514 0.242598
0.515 0.229776
0.516 0.21705
0.517 0.204425
0.518 0.191908
0.519 0.179506
0.52 0.167222
0.521 0.155064
0.522 0.143036
0.523 0.131145
0.524 0.119395
0.525 0.107792
0.526 0.0963399
0.527 0.0850448
0.528 0.073911
0.529 0.0629431
0.53 0.0521454
0.531 0.0415222
0.532 0.0310777
0.533 0.0208156
0.534 0.0107398
0.535 0.00085379
0.536 0.00883911
0.537 0.0183357
0.538 0.027633
0.539 0.0367281
0.54 0.0456186
0.541 0.0543018
0.542 0.0627757
0.543 0.071038
0.544 0.079087
0.545 0.0869208
0.546 0.0945381
0.547 0.101937
0.548 0.109117
0.549 0.116077
0.55 0.122816
0.551 0.129333
0.552 0.135628
0.553 0.1417
0.554 0.147549
0.555 0.153174
0.556 0.158577
0.557 0.163756
0.558 0.168713
0.559 0.173447
0.56 0.177959
0.561 0.182249
0.562 0.186318
0.563 0.190167
0.564 0.193797
0.565 0.197208
0.566 0.200401
0.567 0.203378
0.568 0.206139
0.569 0.208685
0.57 0.211018
0.571 0.213139
0.572 0.215049
0.573 0.21675
0.574 0.218242
0.575 0.219528
0.576 0.220608
0.577 0.221483
0.578 0.222156
0.579 0.222628
0.58 0.2229
0.581 0.222974
0.582 0.222851
0.583 0.222534
0.584 0.222022
0.585 0.221319
0.586 0.220426
0.587 0.219344
0.588 0.218075
0.589 0.216621
0.59 0.214984
0.591 0.213166
0.592 0.211167
0.593 0.208992
0.594 0.20664
0.595 0.204115
0.596 0.201418
0.597 0.198551
0.598 0.195517
0.599 0.192318
0.6 0.188956
0.601 0.185434
0.602 0.181753
0.603 0.177918
0.604 0.173929
0.605 0.16979
0.606 0.165503
0.607 0.161072
0.608 0.156499
0.609 0.151787
0.61 0.146939
0.611 0.14196
0.612 0.13685
0.613 0.131615
0.614 0.126258
0.615 0.120781
0.616 0.115189
0.617 0.109485
0.618 0.103674
0.619 0.097758
0.62 0.091742
0.621 0.0856299
0.622 0.0794256
0.623 0.0731333
0.624 0.0667571
0.625 0.0603013
0.626 0.0537702
0.627 0.0471681
0.628 0.0404993
0.629 0.0337684
0.63 0.0269798
0.631 0.0201379
0.632 0.0132473
0.633 0.00631254
0.634 0.000661916
0.635 0.00767149
0.636 0.0147116
0.637 0.0217778
0.638 0.0288655
0.639 0.0359702
0.64 0.0430874
0.641 0.0502126
0.642 0.0573415
0.643 0.0644696
0.644 0.0715926
0.645 0.0787063
0.646 0.0858063
0.647 0.0928886
0.648 0.099949
0.649 0.106983
0.65 0.113988
0.651 0.120959
0.652 0.127892
0.653 0.134784
0.654 0.141631
0.655 0.148429
0.656 0.155175
0.657 0.161866
0.658 0.168499
0.659 0.175069
0.66 0.181575
0.661 0.188013
0.662 0.19438
0.663 0.200674
0.664 0.206891
0.665 0.21303
0.666 0.219088
0.667 0.225062
0.668 0.23095
0.669 0.23675
0.67 0.24246
0.671 0.248078
0.672 0.253602
0.673 0.25903
0.674 0.264361
0.675 0.269592
0.676 0.274724
0.677 0.279753
0.678 0.284678
0.679 0.289499
0.68 0.294214
0.681 0.298823
0.682 0.303323
0.683 0.307714
0.684 0.311996
0.685 0.316166
0.686 0.320226
0.687 0.324173
0.688 0.328008
0.689 0.331729
0.69 0.335337
0.691 0.338831
0.692 0.34221
0.693 0.345474
0.694 0.348623
0.695 0.351656
0.696 0.354574
0.697 0.357377
0.698 0.360064
0.699 0.362635
0.7 0.36509
0.701 0.36743
0.702 0.369654
0.703 0.371763
0.704 0.373757
0.705 0.375636
0.706 0.3774
0.707 0.379051
0.708 0.380587
0.709 0.38201
0.71 0.38332
0.711 0.384518
0.712 0.385604
0.713 0.386578
0.714 0.387442
0.715 0.388196
0.716 0.38884
0.717 0.389376
0.718 0.389804
0.719 0.390125
0.72 0.390341
0.721 0.390451
0.722 0.390456
0.723 0.390359
0.724 0.390159
0.725 0.389859
0.726 0.389458
0.727 0.388958
0.728 0.38836
0.729 0.387666
0.73 0.386877
0.731 0.385993
0.732 0.385017
0.733 0.383949
0.734 0.382792
0.735 0.381545
0.736 0.380212
0.737 0.378793
0.738 0.37729
0.739 0.375704
0.74 0.374038
0.741 0.372291
0.742 0.370468
0.743 0.368568
0.744 0.366593
0.745 0.364546
0.746 0.362428
0.747 0.360241
0.748 0.357987
0.749 0.355667
0.75 0.353283
0.751 0.350838
0.752 0.348333
0.753 0.34577
0.754 0.343151
0.755 0.340479
0.756 0.337754
0.757 0.334979
0.758 0.332156
0.759 0.329288
0.76 0.326376
0.761 0.323422
0.762 0.320429
0.763 0.317398
0.764 0.314331
0.765 0.311232
0.766 0.308102
0.767 0.304943
0.768 0.301757
0.769 0.298547
0.77 0.295314
0.771 0.292062
0.772 0.288791
0.773 0.285505
0.774 0.282205
0.775 0.278894
0.776 0.275574
0.777 0.272247
0.778 0.268915
0.779 0.265581
0.78 0.262246
0.781 0.258913
0.782 0.255583
0.783 0.252259
0.784 0.248943
0.785 0.245637
0.786 0.242343
0.787 0.239063
0.788 0.235799
0.789 0.232552
0.79 0.229325
0.791 0.226119
0.792 0.222936
0.793 0.219778
0.794 0.216647
0.795 0.213544
0.796 0.21047
0.797 0.207427
0.798 0.204418
0.799 0.201442
0.8 0.198501
0.801 0.195597
0.802 0.192731
0.803 0.189903
0.804 0.187115
0.805 0.184369
0.806 0.181664
0.807 0.179001
0.808 0.176382
0.809 0.173807
0.81 0.171277
0.811 0.168792
0.812 0.166353
0.813 0.163959
0.814 0.161613
0.815 0.159313
0.816 0.15706
0.817 0.154854
0.818 0.152695
0.819 0.150584
0.82 0.148519
0.821 0.146502
0.822 0.144532
0.823 0.142608
0.824 0.140731
0.825 0.138901
0.826 0.137116
0.827 0.135377
0.828 0.133684
0.829 0.132035
0.83 0.130431
0.831 0.12887
0.832 0.127354
0.833 0.12588
0.834 0.124449
0.835 0.123061
0.836 0.121714
0.837 0.120408
0.838 0.119143
0.839 0.117918
0.84 0.116734
0.841 0.115589
0.842 0.114483
0.843 0.113415
0.844 0.112386
0.845 0.111395
0.846 0.110442
0.847 0.109526
0.848 0.108648
0.849 0.107806
0.85 0.107002
0.851 0.106234
0.852 0.105502
0.853 0.104808
0.854 0.10415
0.855 0.103528
0.856 0.102943
0.857 0.102394
0.858 0.101882
0.859 0.101407
0.86 0.100968
0.861 0.100567
0.862 0.100203
0.863 0.0998755
0.864 0.0995858
0.865 0.0993338
0.866 0.0991195
0.867 0.0989432
0.868 0.0988049
0.869 0.0987049
0.87 0.0986432
0.871 0.09862
0.872 0.0986353
0.873 0.0986892
0.874 0.0987817
0.875 0.0989127
0.876 0.0990823
0.877 0.0992903
0.878 0.0995365
0.879 0.0998207
0.88 0.100143
0.881 0.100502
0.882 0.100898
0.883 0.101331
0.884 0.1018
0.885 0.102305
0.886 0.102844
0.887 0.103417
0.888 0.104023
0.889 0.104662
0.89 0.105332
0.891 0.106032
0.892 0.106762
0.893 0.10752
0.894 0.108304
0.895 0.109114
0.896 0.109948
0.897 0.110805
0.898 0.111683
0.899 0.112581
0.9 0.113497
0.901 0.114429
0.902 0.115376
0.903 0.116336
0.904 0.117308
0.905 0.118289
0.906 0.119279
0.907 0.120274
0.908 0.121273
0.909 0.122276
0.91 0.123278
0.911 0.12428
0.912 0.125279
0.913 0.126273
0.914 0.127261
0.915 0.128242
0.916 0.129212
0.917 0.130172
0.918 0.131119
0.919 0.132052
0.92 0.13297
0.921 0.133871
0.922 0.134754
0.923 0.135618
0.924 0.136462
0.925 0.137284
0.926 0.138085
0.927 0.138862
0.928 0.139616
0.929 0.140346
0.93 0.141051
0.931 0.14173
0.932 0.142384
0.933 0.143012
0.934 0.143614
0.935 0.14419
0.936 0.14474
0.937 0.145264
0.938 0.145762
0.939 0.146235
0.94 0.146682
0.941 0.147105
0.942 0.147503
0.943 0.147878
0.944 0.14823
0.945 0.148559
0.946 0.148866
0.947 0.149153
0.948 0.14942
0.949 0.149667
0.95 0.149896
0.951 0.150107
0.952 0.150301
0.953 0.15048
0.954 0.150644
0.955 0.150793
0.956 0.15093
0.957 0.151054
0.958 0.151167
0.959 0.151269
0.96 0.151361
0.961 0.151445
0.962 0.151519
0.963 0.151587
0.964 0.151646
0.965 0.1517
0.966 0.151747
0.967 0.151788
0.968 0.151825
0.969 0.151856
0.97 0.151883
0.971 0.151905
0.972 0.151923
0.973 0.151937
0.974 0.151946
0.975 0.151951
0.976 0.151952
0.977 0.151949
0.978 0.151941
0.979 0.151927
0.98 0.151909
0.981 0.151885
0.982 0.151856
0.983 0.15182
0.984 0.151777
0.985 0.151727
0.986 0.15167
0.987 0.151604
0.988 0.15153
0.989 0.151446
0.99 0.151353
0.991 0.15125
0.992 0.151136
0.993 0.151011
0.994 0.150874
0.995 0.150726
0.996 0.150565
0.997 0.150392
0.998 0.150205
0.999 0.150005
