-4.09758 333.829
-4.01372 333.506
-3.92986 333.273
-3.846 332.898
-3.76214 332.723
-3.67828 333.723
-3.59442 333.501
-3.51056 333.277
-3.4267 333.719
-3.34283 333.198
-3.25897 333.842
-3.17511 333.626
-3.09125 333.592
-3.00739 334.778
-2.92353 335.085
-2.83967 336.686
-2.75581 340.599
-2.67195 345.997
-2.58809 356.563
-2.50423 370.542
-2.42037 388.311
-2.33651 404.083
-2.25265 420.144
-2.16879 431.078
-2.08493 434.709
-2.00107 433.126
-1.91721 424.948
-1.83335 414.52
-1.74949 400.294
-1.66563 386.076
-1.58177 368.228
-1.4979 351.809
-1.41404 337.568
-1.33018 325.998
-1.24632 319.741
-1.16246 313.341
-1.0786 311.326
-0.99474 309.384
-0.91088 307.155
-0.82702 305.636
-0.74316 302
-0.6593 297.253
-0.57544 291.784
-0.49158 284.444
-0.40772 276.81
-0.32386 267.333
-0.24 255.441
-0.15614 241.754
-0.07228 231.392
0.01158 224.1
0.09544 225.296
0.17931 232.649
0.26317 243.748
0.34703 256.857
0.43089 268.8
0.51475 278.515
0.59861 285.471
0.68247 292.125
0.76633 298.207
0.85019 302.337
0.93405 305.525
1.01791 308.015
1.10177 310.04
1.18563 312.414
1.26949 315.948
1.35335 321.286
1.43721 330.085
1.52107 341.499
1.60493 355.897
1.68879 371.644
1.77265 387.529
1.85652 403.427
1.94038 416.382
2.02424 425.829
2.1081 431.079
2.19196 432.246
2.27582 427.078
2.35968 418.245
2.44354 400.411
2.5274 385.503
2.61126 366.943
2.69512 355.676
2.77898 347.476
2.86284 340.177
2.9467 336.679
3.03056 335.772
3.11442 333.556
3.19828 333.717
3.28214 334.326
3.366 333.357
3.44986 333.374
3.53373 332.777
3.61759 332.769
3.70145 334.466
3.78531 333.017
3.86917 333.16
3.95303 333.316
4.03689 334.193
4.12075 332.247
4.20461 332.684
