0 0.478147
0.001 0.477612
0.002 0.476008
0.003 0.473335
0.004 0.469595
0.005 0.464789
0.006 0.458922
0.007 0.451995
0.008 0.444012
0.009 0.434978
0.01 0.424898
0.011 0.413777
0.012 0.401621
0.013 0.388436
0.014 0.374231
0.015 0.359011
0.016 0.342787
0.017 0.325565
0.018 0.307357
0.019 0.288171
0.02 0.268017
0.021 0.246908
0.022 0.224853
0.023 0.201866
0.024 0.177958
0.025 0.153142
0.026 0.127432
0.027 0.100841
0.028 0.0733838
0.029 0.0450752
0.03 0.0159302
0.031 0.0140354
0.032 0.0448057
0.033 0.076364
0.034 0.108693
0.035 0.141777
0.036 0.175596
0.037 0.210134
0.038 0.245371
0.039 0.281289
0.04 0.317868
0.041 0.355089
0.042 0.392933
0.043 0.431378
0.044 0.470405
0.045 0.509993
0.046 0.55012
0.047 0.590766
0.048 0.631908
0.049 0.673526
0.05 0.715596
0.051 0.758097
0.052 0.801006
0.053 0.8443
0.054 0.887956
0.055 0.931953
0.056 0.976265
0.057 1.02087
0.058 1.06574
0.059 1.11086
0.06 1.15621
0.061 1.20175
0.062 1.24746
0.063 1.29333
0.064 1.33932
0.065 1.38541
0.066 1.43159
0.067 1.47781
0.068 1.52407
0.069 1.57033
0.07 1.61658
0.071 1.66278
0.072 1.70892
0.073 1.75497
0.074 1.8009
0.075 1.8467
0.076 1.89233
0.077 1.93779
0.078 1.98303
0.079 2.02804
0.08 2.0728
0.081 2.11728
0.082 2.16146
0.083 2.20532
0.084 2.24883
0.085 2.29198
0.086 2.33474
0.087 2.37708
0.088 2.419
0.089 2.46046
0.09 2.50145
0.091 2.54194
0.092 2.58192
0.093 2.62136
0.094 2.66025
0.095 2.69856
0.096 2.73628
0.097 2.77338
0.098 2.80986
0.099 2.84568
0.1 2.88084
0.101 2.91531
0.102 2.94909
0.103 2.98214
0.104 3.01446
0.105 3.04603
0.106 3.07684
0.107 3.10686
0.108 3.13609
0.109 3.16451
0.11 3.1921
0.111 3.21886
0.112 3.24477
0.113 3.26982
0.114 3.294
0.115 3.31729
0.116 3.33968
0.117 3.36117
0.118 3.38174
0.119 3.40138
0.12 3.42008
0.121 3.43785
0.122 3.45466
0.123 3.4705
0.124 3.48538
0.125 3.49929
0.126 3.51222
0.127 3.52415
0.128 3.5351
0.129 3.54505
0.13 3.554
0.131 3.56195
0.132 3.56888
0.133 3.57481
0.134 3.57972
0.135 3.58362
0.136 3.5865
0.137 3.58836
0.138 3.58921
0.139 3.58904
0.14 3.58785
0.141 3.58565
0.142 3.58243
0.143 3.57821
0.144 3.57297
0.145 3.56673
0.146 3.55948
0.147 3.55123
0.148 3.542
0.149 3.53177
0.15 3.52056
0.151 3.50837
0.152 3.4952
0.153 3.48108
0.154 3.46599
0.155 3.44996
0.156 3.43298
0.157 3.41507
0.158 3.39623
0.159 3.37648
0.16 3.35582
0.161 3.33426
0.162 3.31182
0.163 3.28851
0.164 3.26433
0.165 3.23929
0.166 3.21342
0.167 3.18672
0.168 3.15921
0.169 3.13089
0.17 3.10179
0.171 3.0719
0.172 3.04126
0.173 3.00987
0.174 2.97775
0.175 2.94491
0.176 2.91137
0.177 2.87714
0.178 2.84224
0.179 2.80668
0.18 2.77049
0.181 2.73367
0.182 2.69625
0.183 2.65823
0.184 2.61965
0.185 2.58051
0.186 2.54083
0.187 2.50064
0.188 2.45994
0.189 2.41876
0.19 2.37711
0.191 2.33502
0.192 2.2925
0.193 2.24957
0.194 2.20624
0.195 2.16255
0.196 2.1185
0.197 2.07412
0.198 2.02943
0.199 1.98444
0.2 1.93917
0.201 1.89365
0.202 1.84789
0.203 1.80191
0.204 1.75573
0.205 1.70937
0.206 1.66286
0.207 1.6162
0.208 1.56943
0.209 1.52255
0.21 1.4756
0.211 1.42858
0.212 1.38152
0.213 1.33443
0.214 1.28735
0.215 1.24027
0.216 1.19324
0.217 1.14625
0.218 1.09934
0.219 1.05252
0.22 1.00581
0.221 0.959235
0.222 0.912802
0.223 0.866536
0.224 0.820453
0.225 0.774573
0.226 0.728913
0.227 0.68349
0.228 0.638322
0.229 0.593428
0.23 0.548823
0.231 0.504525
0.232 0.46055
0.233 0.416916
0.234 0.373638
0.235 0.330733
0.236 0.288216
0.237 0.246103
0.238 0.20441
0.239 0.163152
0.24 0.122343
0.241 0.0819978
0.242 0.0421315
0.243 0.00275779
0.244 0.0361096
0.245 0.074457
0.246 0.112271
0.247 0.14954
0.248 0.18625
0.249 0.222389
0.25 0.257945
0.251 0.292906
0.252 0.327262
0.253 0.361
0.254 0.394111
0.255 0.426584
0.256 0.458409
0.257 0.489576
0.258 0.520076
0.259 0.5499
0.26 0.579039
0.261 0.607485
0.262 0.63523
0.263 0.662267
0.264 0.688587
0.265 0.714185
0.266 0.739054
0.267 0.763187
0.268 0.786579
0.269 0.809225
0.27 0.831119
0.271 0.852256
0.272 0.872633
0.273 0.892246
0.274 0.91109
0.275 0.929163
0.276 0.946462
0.277 0.962984
0.278 0.978728
0.279 0.993691
0.28 1.00787
0.281 1.02127
0.282 1.03389
0.283 1.04572
0.284 1.05677
0.285 1.06703
0.286 1.07652
0.287 1.08522
0.288 1.09314
0.289 1.10029
0.29 1.10666
0.291 1.11226
0.292 1.11708
0.293 1.12115
0.294 1.12445
0.295 1.12699
0.296 1.12878
0.297 1.12981
0.298 1.13011
0.299 1.12966
0.3 1.12848
0.301 1.12657
0.302 1.12395
0.303 1.1206
0.304 1.11655
0.305 1.1118
0.306 1.10636
0.307 1.10023
0.308 1.09342
0.309 1.08594
0.31 1.07781
0.311 1.06902
0.312 1.05959
0.313 1.04952
0.314 1.03884
0.315 1.02754
0.316 1.01563
0.317 1.00313
0.318 0.990055
0.319 0.976403
0.32 0.962191
0.321 0.94743
0.322 0.93213
0.323 0.916304
0.324 0.899963
0.325 0.88312
0.326 0.865786
0.327 0.847974
0.328 0.829696
0.329 0.810964
0.33 0.791793
0.331 0.772194
0.332 0.75218
0.333 0.731765
0.334 0.710962
0.335 0.689785
0.336 0.668246
0.337 0.646359
0.338 0.624139
0.339 0.601598
0.34 0.57875
0.341 0.55561
0.342 0.532191
0.343 0.508508
0.344 0.484573
0.345 0.460402
0.346 0.436008
0.347 0.411406
0.348 0.386609
0.349 0.361631
0.35 0.336488
0.351 0.311191
0.352 0.285757
0.353 0.260198
0.354 0.234529
0.355 0.208764
0.356 0.182917
0.357 0.157
0.358 0.131029
0.359 0.105017
0.36 0.0789778
0.361 0.0529245
0.362 0.0268707
0.363 0.000829796
0.364 0.0251849
0.365 0.0511602
0.366 0.0770831
0.367 0.102941
0.368 0.12872
0.369 0.154409
0.37 0.179994
0.371 0.205464
0.372 0.230806
0.373 0.256008
0.374 0.281059
0.375 0.305945
0.376 0.330657
0.377 0.355182
0.378 0.37951
0.379 0.403628
0.38 0.427528
0.381 0.451197
0.382 0.474626
0.383 0.497803
0.384 0.520721
0.385 0.543367
0.386 0.565734
0.387 0.587811
0.388 0.609589
0.389 0.631061
0.39 0.652215
0.391 0.673046
0.392 0.693544
0.393 0.713701
0.394 0.733509
0.395 0.752962
0.396 0.772052
0.397 0.790771
0.398 0.809114
0.399 0.827074
0.4 0.844644
0.401 0.861819
0.402 0.878593
0.403 0.89496
0.404 0.910916
0.405 0.926455
0.406 0.941573
0.407 0.956266
0.408 0.970529
0.409 0.984358
0.41 0.99775
0.411 1.0107
0.412 1.02321
0.413 1.03527
0.414 1.04688
0.415 1.05805
0.416 1.06875
0.417 1.07901
0.418 1.0888
0.419 1.09814
0.42 1.10702
0.421 1.11544
0.422 1.1234
0.423 1.1309
0.424 1.13794
0.425 1.14452
0.426 1.15064
0.427 1.1563
0.428 1.16151
0.429 1.16626
0.43 1.17055
0.431 1.17438
0.432 1.17777
0.433 1.18071
0.434 1.1832
0.435 1.18524
0.436 1.18684
0.437 1.18801
0.438 1.18873
0.439 1.18903
0.44 1.1889
0.441 1.18834
0.442 1.18736
0.443 1.18596
0.444 1.18415
0.445 1.18193
0.446 1.17931
0.447 1.17629
0.448 1.17288
0.449 1.16908
0.45 1.16489
0.451 1.16033
0.452 1.15539
0.453 1.15009
0.454 1.14443
0.455 1.13842
0.456 1.13205
0.457 1.12535
0.458 1.11831
0.459 1.11094
0.46 1.10325
0.461 1.09524
0.462 1.08692
0.463 1.07831
0.464 1.0694
0.465 1.0602
0.466 1.05072
0.467 1.04096
0.468 1.03095
0.469 1.02067
0.47 1.01014
0.471 0.999372
0.472 0.988366
0.473 0.977132
0.474 0.965677
0.475 0.95401
0.476 0.942137
0.477 0.930068
0.478 0.917809
0.479 0.905368
0.48 0.892753
0.481 0.879973
0.482 0.867034
0.483 0.853945
0.484 0.840713
0.485 0.827347
0.486 0.813853
0.487 0.800241
0.488 0.786517
0.489 0.772689
0.49 0.758765
0.491 0.744753
0.492 0.73066
0.493 0.716495
0.494 0.702263
0.495 0.687974
0.496 0.673634
0.497 0.659251
0.498 0.644832
0.499 0.630384
0.5 0.615915
0.501 0.601432
0.502 0.586941
0.503 0.572451
0.504 0.557966
0.505 0.543496
0.506 0.529046
0.507 0.514622
0.508 0.500232
0.509 0.485882
0.51 0.471579
0.511 0.457328
0.512 0.443135
0.513 0.429008
0.514 0.414952
0.515 0.400972
0.516 0.387075
0.517 0.373266
0.518 0.35955
0.519 0.345934
0.52 0.332422
0.521 0.31902
0.522 0.305733
0.523 0.292566
0.524 0.279523
0.525 0.266609
0.526 0.25383
0.527 0.241188
0.528 0.22869
0.529 0.216338
0.53 0.204138
0.531 0.192093
0.532 0.180207
0.533 0.168483
0.534 0.156926
0.535 0.145538
0.536 0.134324
0.537 0.123285
0.538 0.112427
0.539 0.10175
0.54 0.0912588
0.541 0.0809553
0.542 0.0708423
0.543 0.0609222
0.544 0.0511973
0.545 0.0416697
0.546 0.0323415
0.547 0.0232146
0.548 0.0142909
0.549 0.00557203
0.55 0.00294052
0.551 0.0112453
0.552 0.019341
0.553 0.0272265
0.554 0.0349007
0.555 0.0423627
0.556 0.0496117
0.557 0.056647
0.558 0.0634681
0.559 0.0700744
0.56 0.0764657
0.561 0.0826417
0.562 0.0886024
0.563 0.0943478
0.564 0.0998779
0.565 0.105193
0.566 0.110294
0.567 0.11518
0.568 0.119853
0.569 0.124312
0.57 0.12856
0.571 0.132596
0.572 0.136422
0.573 0.140039
0.574 0.143447
0.575 0.146649
0.576 0.149645
0.577 0.152437
0.578 0.155027
0.579 0.157415
0.58 0.159605
0.581 0.161597
0.582 0.163393
0.583 0.164996
0.584 0.166408
0.585 0.16763
0.586 0.168664
0.587 0.169514
0.588 0.170182
0.589 0.170669
0.59 0.170978
0.591 0.171112
0.592 0.171074
0.593 0.170865
0.594 0.170489
0.595 0.169949
0.596 0.169248
0.597 0.168387
0.598 0.167371
0.599 0.166202
0.6 0.164883
0.601 0.163418
0.602 0.161809
0.603 0.160059
0.604 0.158173
0.605 0.156152
0.606 0.154001
0.607 0.151722
0.608 0.14932
0.609 0.146797
0.61 0.144156
0.611 0.141402
0.612 0.138537
0.613 0.135566
0.614 0.132491
0.615 0.129316
0.616 0.126045
0.617 0.122681
0.618 0.119227
0.619 0.115688
0.62 0.112067
0.621 0.108366
0.622 0.104591
0.623 0.100744
0.624 0.0968296
0.625 0.0928504
0.626 0.0888103
0.627 0.0847129
0.628 0.0805618
0.629 0.0763604
0.63 0.0721123
0.631 0.067821
0.632 0.06349
0.633 0.0591228
0.634 0.0547227
0.635 0.0502933
0.636 0.045838
0.637 0.0413602
0.638 0.0368631
0.639 0.0323502
0.64 0.0278247
0.641 0.02329
0.642 0.0187493
0.643 0.0142057
0.644 0.00966255
0.645 0.00512286
0.646 0.000589772
0.647 0.00393365
0.648 0.00844438
0.649 0.0129395
0.65 0.0174159
0.651 0.0218709
0.652 0.0263016
0.653 0.0307051
0.654 0.0350787
0.655 0.0394198
0.656 0.0437256
0.657 0.0479936
0.658 0.0522213
0.659 0.056406
0.66 0.0605455
0.661 0.0646374
0.662 0.0686792
0.663 0.0726688
0.664 0.076604
0.665 0.0804825
0.666 0.0843024
0.667 0.0880616
0.668 0.0917581
0.669 0.09539
0.67 0.0989556
0.671 0.102453
0.672 0.10588
0.673 0.109236
0.674 0.112519
0.675 0.115728
0.676 0.11886
0.677 0.121915
0.678 0.124891
0.679 0.127787
0.68 0.130602
0.681 0.133334
0.682 0.135984
0.683 0.138549
0.684 0.141029
0.685 0.143423
0.686 0.14573
0.687 0.147949
0.688 0.15008
0.689 0.152123
0.69 0.154077
0.691 0.15594
0.692 0.157714
0.693 0.159398
0.694 0.160991
0.695 0.162493
0.696 0.163904
0.697 0.165225
0.698 0.166455
0.699 0.167594
0.7 0.168642
0.701 0.1696
0.702 0.170468
0.703 0.171246
0.704 0.171935
0.705 0.172535
0.706 0.173046
0.707 0.17347
0.708 0.173807
0.709 0.174057
0.71 0.174221
0.711 0.1743
0.712 0.174296
0.713 0.174208
0.714 0.174037
0.715 0.173786
0.716 0.173454
0.717 0.173044
0.718 0.172555
0.719 0.171989
0.72 0.171348
0.721 0.170633
0.722 0.169845
0.723 0.168985
0.724 0.168055
0.725 0.167056
0.726 0.16599
0.727 0.164858
0.728 0.163662
0.729 0.162403
0.73 0.161083
0.731 0.159703
0.732 0.158266
0.733 0.156773
0.734 0.155225
0.735 0.153624
0.736 0.151973
0.737 0.150272
0.738 0.148524
0.739 0.14673
0.74 0.144892
0.741 0.143013
0.742 0.141093
0.743 0.139135
0.744 0.137141
0.745 0.135112
0.746 0.13305
0.747 0.130957
0.748 0.128836
0.749 0.126687
0.75 0.124514
0.751 0.122317
0.752 0.120098
0.753 0.11786
0.754 0.115605
0.755 0.113333
0.756 0.111048
0.757 0.10875
0.758 0.106443
0.759 0.104126
0.76 0.101803
0.761 0.0994757
0.762 0.0971448
0.763 0.0948126
0.764 0.0924808
0.765 0.0901511
0.766 0.0878252
0.767 0.0855048
0.768 0.0831916
0.769 0.080887
0.77 0.0785929
0.771 0.0763106
0.772 0.0740418
0.773 0.0717881
0.774 0.0695508
0.775 0.0673314
0.776 0.0651314
0.777 0.0629521
0.778 0.060795
0.779 0.0586613
0.78 0.0565523
0.781 0.0544694
0.782 0.0524136
0.783 0.0503863
0.784 0.0483886
0.785 0.0464215
0.786 0.0444861
0.787 0.0425836
0.788 0.0407149
0.789 0.0388809
0.79 0.0370826
0.791 0.0353208
0.792 0.0335965
0.793 0.0319104
0.794 0.0302632
0.795 0.0286558
0.796 0.0270887
0.797 0.0255627
0.798 0.0240783
0.799 0.022636
0.8 0.0212365
0.801 0.0198802
0.802 0.0185676
0.803 0.017299
0.804 0.0160748
0.805 0.0148953
0.806 0.0137608
0.807 0.0126716
0.808 0.0116279
0.809 0.0106298
0.81 0.00967752
0.811 0.00877106
0.812 0.00791052
0.813 0.00709592
0.814 0.00632724
0.815 0.00560443
0.816 0.0049274
0.817 0.00429603
0.818 0.00371016
0.819 0.00316961
0.82 0.00267416
0.821 0.00222355
0.822 0.00181749
0.823 0.00145568
0.824 0.00113777
0.825 0.000863372
0.826 0.000632098
0.827 0.000443515
0.828 0.000297164
0.829 0.000192563
0.83 0.000129203
0.831 0.000106552
0.832 0.000124053
0.833 0.000181126
0.834 0.000277172
0.835 0.000411567
0.836 0.000583668
0.837 0.000792815
0.838 0.00103833
0.839 0.00131951
0.84 0.00163564
0.841 0.00198599
0.842 0.00236982
0.843 0.00278636
0.844 0.00323484
0.845 0.00371449
0.846 0.00422449
0.847 0.00476404
0.848 0.00533233
0.849 0.00592853
0.85 0.00655179
0.851 0.00720129
0.852 0.00787617
0.853 0.00857557
0.854 0.00929865
0.855 0.0100445
0.856 0.0108123
0.857 0.0116012
0.858 0.0124103
0.859 0.0132387
0.86 0.0140855
0.861 0.01495
0.862 0.0158311
0.863 0.0167281
0.864 0.01764
0.865 0.0185661
0.866 0.0195054
0.867 0.020457
0.868 0.0214203
0.869 0.0223942
0.87 0.023378
0.871 0.0243707
0.872 0.0253717
0.873 0.0263801
0.874 0.027395
0.875 0.0284157
0.876 0.0294413
0.877 0.0304712
0.878 0.0315044
0.879 0.0325403
0.88 0.0335781
0.881 0.0346171
0.882 0.0356564
0.883 0.0366955
0.884 0.0377336
0.885 0.0387699
0.886 0.0398039
0.887 0.0408348
0.888 0.0418621
0.889 0.0428849
0.89 0.0439028
0.891 0.044915
0.892 0.0459211
0.893 0.0469203
0.894 0.0479122
0.895 0.0488961
0.896 0.0498715
0.897 0.0508379
0.898 0.0517947
0.899 0.0527414
0.9 0.0536776
0.901 0.0546027
0.902 0.0555164
0.903 0.056418
0.904 0.0573073
0.905 0.0581837
0.906 0.0590469
0.907 0.0598964
0.908 0.0607319
0.909 0.061553
0.91 0.0623593
0.911 0.0631505
0.912 0.0639263
0.913 0.0646863
0.914 0.0654302
0.915 0.0661578
0.916 0.0668687
0.917 0.0675627
0.918 0.0682395
0.919 0.0688989
0.92 0.0695406
0.921 0.0701645
0.922 0.0707703
0.923 0.0713577
0.924 0.0719267
0.925 0.072477
0.926 0.0730085
0.927 0.073521
0.928 0.0740143
0.929 0.0744884
0.93 0.074943
0.931 0.0753782
0.932 0.0757937
0.933 0.0761894
0.934 0.0765654
0.935 0.0769214
0.936 0.0772574
0.937 0.0775734
0.938 0.0778693
0.939 0.0781451
0.94 0.0784006
0.941 0.0786359
0.942 0.078851
0.943 0.0790458
0.944 0.0792203
0.945 0.0793745
0.946 0.0795085
0.947 0.0796222
0.948 0.0797157
0.949 0.0797889
0.95 0.079842
0.951 0.0798749
0.952 0.0798876
0.953 0.0798804
0.954 0.0798531
0.955 0.0798059
0.956 0.0797389
0.957 0.0796521
0.958 0.0795455
0.959 0.0794194
0.96 0.0792737
0.961 0.0791086
0.962 0.0789242
0.963 0.0787206
0.964 0.078498
0.965 0.0782563
0.966 0.0779959
0.967 0.0777167
0.968 0.077419
0.969 0.0771029
0.97 0.0767685
0.971 0.076416
0.972 0.0760456
0.973 0.0756575
0.974 0.0752517
0.975 0.0748286
0.976 0.0743882
0.977 0.0739309
0.978 0.0734567
0.979 0.0729658
0.98 0.0724586
0.981 0.0719352
0.982 0.0713958
0.983 0.0708407
0.984 0.0702701
0.985 0.0696842
0.986 0.0690833
0.987 0.0684677
0.988 0.0678375
0.989 0.0671932
0.99 0.0665348
0.991 0.0658628
0.992 0.0651774
0.993 0.0644788
0.994 0.0637675
0.995 0.0630436
0.996 0.0623075
0.997 0.0615595
0.998 0.0608
0.999 0.0600292
