0 0.92951
0.001 0.929241
0.002 0.928433
0.003 0.927086
0.004 0.925201
0.005 0.922778
0.006 0.919818
0.007 0.91632
0.008 0.912285
0.009 0.907714
0.01 0.902609
0.011 0.896968
0.012 0.890794
0.013 0.884088
0.014 0.87685
0.015 0.869082
0.016 0.860785
0.017 0.851961
0.018 0.842611
0.019 0.832736
0.02 0.822339
0.021 0.811422
0.022 0.799985
0.023 0.788033
0.024 0.775566
0.025 0.762587
0.026 0.749099
0.027 0.735104
0.028 0.720605
0.029 0.705605
0.03 0.690108
0.031 0.674116
0.032 0.657633
0.033 0.640662
0.034 0.623208
0.035 0.605273
0.036 0.586863
0.037 0.567981
0.038 0.548633
0.039 0.528821
0.04 0.508553
0.041 0.487831
0.042 0.466662
0.043 0.445052
0.044 0.423005
0.045 0.400528
0.046 0.377626
0.047 0.354306
0.048 0.330574
0.049 0.306437
0.05 0.281902
0.051 0.256976
0.052 0.231666
0.053 0.205981
0.054 0.179926
0.055 0.153512
0.056 0.126745
0.057 0.0996346
0.058 0.0721892
0.059 0.0444177
0.06 0.0163293
0.061 0.0120668
0.062 0.0407609
0.063 0.0697432
0.064 0.0990037
0.065 0.128532
0.066 0.158318
0.067 0.188351
0.068 0.21862
0.069 0.249113
0.07 0.279821
0.071 0.31073
0.072 0.34183
0.073 0.373109
0.074 0.404554
0.075 0.436153
0.076 0.467894
0.077 0.499765
0.078 0.531752
0.079 0.563842
0.08 0.596024
0.081 0.628283
0.082 0.660606
0.083 0.692979
0.084 0.72539
0.085 0.757824
0.086 0.790268
0.087 0.822708
0.088 0.85513
0.089 0.887519
0.09 0.919863
0.091 0.952146
0.092 0.984354
0.093 1.01647
0.094 1.04849
0.095 1.08039
0.096 1.11216
0.097 1.14378
0.098 1.17524
0.099 1.20653
0.1 1.23763
0.101 1.26852
0.102 1.2992
0.103 1.32965
0.104 1.35985
0.105 1.3898
0.106 1.41947
0.107 1.44886
0.108 1.47795
0.109 1.50673
0.11 1.53518
0.111 1.56329
0.112 1.59105
0.113 1.61844
0.114 1.64546
0.115 1.67209
0.116 1.69832
0.117 1.72414
0.118 1.74953
0.119 1.77449
0.12 1.799
0.121 1.82305
0.122 1.84664
0.123 1.86975
0.124 1.89237
0.125 1.91449
0.126 1.9361
0.127 1.9572
0.128 1.97778
0.129 1.99782
0.13 2.01732
0.131 2.03627
0.132 2.05467
0.133 2.0725
0.134 2.08976
0.135 2.10645
0.136 2.12256
0.137 2.13808
0.138 2.15301
0.139 2.16734
0.14 2.18107
0.141 2.19419
0.142 2.20671
0.143 2.21862
0.144 2.22991
0.145 2.24059
0.146 2.25065
0.147 2.26008
0.148 2.2689
0.149 2.2771
0.15 2.28467
0.151 2.29162
0.152 2.29796
0.153 2.30367
0.154 2.30876
0.155 2.31323
0.156 2.31709
0.157 2.32034
0.158 2.32297
0.159 2.325
0.16 2.32642
0.161 2.32725
0.162 2.32747
0.163 2.32711
0.164 2.32616
0.165 2.32463
0.166 2.32252
0.167 2.31984
0.168 2.3166
0.169 2.3128
0.17 2.30845
0.171 2.30356
0.172 2.29812
0.173 2.29216
0.174 2.28568
0.175 2.27868
0.176 2.27118
0.177 2.26318
0.178 2.25469
0.179 2.24572
0.18 2.23627
0.181 2.22637
0.182 2.21601
0.183 2.20521
0.184 2.19398
0.185 2.18232
0.186 2.17024
0.187 2.15776
0.188 2.14488
0.189 2.13162
0.19 2.11798
0.191 2.10398
0.192 2.08962
0.193 2.07492
0.194 2.05988
0.195 2.04452
0.196 2.02885
0.197 2.01286
0.198 1.99659
0.199 1.98003
0.2 1.96319
0.201 1.9461
0.202 1.92874
0.203 1.91114
0.204 1.89331
0.205 1.87525
0.206 1.85698
0.207 1.8385
0.208 1.81982
0.209 1.80095
0.21 1.78191
0.211 1.76269
0.212 1.74331
0.213 1.72378
0.214 1.70411
0.215 1.6843
0.216 1.66436
0.217 1.6443
0.218 1.62412
0.219 1.60385
0.22 1.58347
0.221 1.563
0.222 1.54245
0.223 1.52182
0.224 1.50112
0.225 1.48035
0.226 1.45953
0.227 1.43865
0.228 1.41772
0.229 1.39676
0.23 1.37575
0.231 1.35472
0.232 1.33366
0.233 1.31257
0.234 1.29147
0.235 1.27035
0.236 1.24922
0.237 1.22809
0.238 1.20696
0.239 1.18582
0.24 1.16469
0.241 1.14357
0.242 1.12245
0.243 1.10135
0.244 1.08027
0.245 1.0592
0.246 1.03815
0.247 1.01712
0.248 0.996118
0.249 0.975139
0.25 0.954188
0.251 0.933264
0.252 0.91237
0.253 0.891507
0.254 0.870677
0.255 0.849879
0.256 0.829116
0.257 0.808387
0.258 0.787695
0.259 0.76704
0.26 0.746421
0.261 0.725841
0.262 0.7053
0.263 0.684798
0.264 0.664336
0.265 0.643914
0.266 0.623534
0.267 0.603195
0.268 0.582898
0.269 0.562644
0.27 0.542433
0.271 0.522267
0.272 0.502145
0.273 0.482068
0.274 0.462038
0.275 0.442055
0.276 0.42212
0.277 0.402234
0.278 0.382398
0.279 0.362614
0.28 0.342882
0.281 0.323204
0.282 0.303581
0.283 0.284015
0.284 0.264508
0.285 0.245062
0.286 0.225678
0.287 0.206358
0.288 0.187105
0.289 0.167922
0.29 0.148809
0.291 0.129771
0.292 0.11081
0.293 0.0919289
0.294 0.0731304
0.295 0.0544179
0.296 0.0357949
0.297 0.0172647
0.298 0.00116897
0.299 0.0195023
0.3 0.0377315
0.301 0.0558524
0.302 0.0738607
0.303 0.0917522
0.304 0.109522
0.305 0.127166
0.306 0.14468
0.307 0.162057
0.308 0.179294
0.309 0.196386
0.31 0.213326
0.311 0.230109
0.312 0.246731
0.313 0.263185
0.314 0.279466
0.315 0.295567
0.316 0.311484
0.317 0.327211
0.318 0.34274
0.319 0.358066
0.32 0.373184
0.321 0.388086
0.322 0.402767
0.323 0.417221
0.324 0.43144
0.325 0.44542
0.326 0.459152
0.327 0.472633
0.328 0.485854
0.329 0.49881
0.33 0.511494
0.331 0.523901
0.332 0.536024
0.333 0.547857
0.334 0.559394
0.335 0.570629
0.336 0.581557
0.337 0.592171
0.338 0.602466
0.339 0.612436
0.34 0.622077
0.341 0.631382
0.342 0.640346
0.343 0.648965
0.344 0.657234
0.345 0.665148
0.346 0.672702
0.347 0.679893
0.348 0.686716
0.349 0.693167
0.35 0.699242
0.351 0.704939
0.352 0.710254
0.353 0.715183
0.354 0.719725
0.355 0.723876
0.356 0.727634
0.357 0.730997
0.358 0.733964
0.359 0.736533
0.36 0.738703
0.361 0.740472
0.362 0.741841
0.363 0.742808
0.364 0.743374
0.365 0.743539
0.366 0.743303
0.367 0.742667
0.368 0.741633
0.369 0.740202
0.37 0.738375
0.371 0.736154
0.372 0.733542
0.373 0.730541
0.374 0.727155
0.375 0.723386
0.376 0.719238
0.377 0.714715
0.378 0.709821
0.379 0.704561
0.38 0.698938
0.381 0.692958
0.382 0.686627
0.383 0.679949
0.384 0.672931
0.385 0.665579
0.386 0.657899
0.387 0.649897
0.388 0.641581
0.389 0.632958
0.39 0.624034
0.391 0.614819
0.392 0.605318
0.393 0.595541
0.394 0.585495
0.395 0.57519
0.396 0.564633
0.397 0.553833
0.398 0.5428
0.399 0.531542
0.4 0.520068
0.401 0.508389
0.402 0.496513
0.403 0.484451
0.404 0.472211
0.405 0.459805
0.406 0.447241
0.407 0.434531
0.408 0.421683
0.409 0.408708
0.41 0.395617
0.411 0.382419
0.412 0.369125
0.413 0.355745
0.414 0.342289
0.415 0.328768
0.416 0.315192
0.417 0.301571
0.418 0.287915
0.419 0.274234
0.42 0.260538
0.421 0.246837
0.422 0.233142
0.423 0.219461
0.424 0.205804
0.425 0.192182
0.426 0.178603
0.427 0.165076
0.428 0.151611
0.429 0.138216
0.43 0.124901
0.431 0.111673
0.432 0.0985421
0.433 0.0855154
0.434 0.0726011
0.435 0.0598071
0.436 0.0471409
0.437 0.0346099
0.438 0.0222211
0.439 0.00998147
0.44 0.00210243
0.441 0.0140242
0.442 0.0257777
0.443 0.0373571
0.444 0.0487568
0.445 0.0599715
0.446 0.0709961
0.447 0.0818259
0.448 0.0924563
0.449 0.102883
0.45 0.113102
0.451 0.123111
0.452 0.132904
0.453 0.14248
0.454 0.151836
0.455 0.160969
0.456 0.169877
0.457 0.178557
0.458 0.18701
0.459 0.195232
0.46 0.203223
0.461 0.210982
0.462 0.218508
0.463 0.225802
0.464 0.232863
0.465 0.239692
0.466 0.246289
0.467 0.252655
0.468 0.258791
0.469 0.264699
0.47 0.270379
0.471 0.275834
0.472 0.281065
0.473 0.286076
0.474 0.290867
0.475 0.295443
0.476 0.299805
0.477 0.303957
0.478 0.307902
0.479 0.311643
0.48 0.315185
0.481 0.31853
0.482 0.321683
0.483 0.324647
0.484 0.327427
0.485 0.330027
0.486 0.332452
0.487 0.334706
0.488 0.336793
0.489 0.338718
0.49 0.340486
0.491 0.342103
0.492 0.343572
0.493 0.344899
0.494 0.346088
0.495 0.347145
0.496 0.348075
0.497 0.348883
0.498 0.349574
0.499 0.350153
0.5 0.350625
0.501 0.350995
0.502 0.351268
0.503 0.351449
0.504 0.351544
0.505 0.351556
0.506 0.35149
0.507 0.351352
0.508 0.351147
0.509 0.350877
0.51 0.350549
0.511 0.350167
0.512 0.349734
0.513 0.349255
0.514 0.348734
0.515 0.348174
0.516 0.347581
0.517 0.346956
0.518 0.346305
0.519 0.34563
0.52 0.344933
0.521 0.34422
0.522 0.343492
0.523 0.342751
0.524 0.342002
0.525 0.341246
0.526 0.340485
0.527 0.339721
0.528 0.338957
0.529 0.338194
0.53 0.337433
0.531 0.336677
0.532 0.335926
0.533 0.335182
0.534 0.334444
0.535 0.333715
0.536 0.332994
0.537 0.332283
0.538 0.33158
0.539 0.330886
0.54 0.330202
0.541 0.329526
0.542 0.328859
0.543 0.328199
0.544 0.327546
0.545 0.3269
0.546 0.326259
0.547 0.325621
0.548 0.324987
0.549 0.324353
0.55 0.32372
0.551 0.323084
0.552 0.322445
0.553 0.3218
0.554 0.321148
0.555 0.320486
0.556 0.319813
0.557 0.319125
0.558 0.318422
0.559 0.3177
0.56 0.316956
0.561 0.31619
0.562 0.315397
0.563 0.314576
0.564 0.313724
0.565 0.312838
0.566 0.311915
0.567 0.310954
0.568 0.309951
0.569 0.308903
0.57 0.307809
0.571 0.306665
0.572 0.305469
0.573 0.304218
0.574 0.302911
0.575 0.301543
0.576 0.300113
0.577 0.298619
0.578 0.297058
0.579 0.295428
0.58 0.293727
0.581 0.291953
0.582 0.290104
0.583 0.288177
0.584 0.286172
0.585 0.284087
0.586 0.281919
0.587 0.279668
0.588 0.277332
0.589 0.274911
0.59 0.272402
0.591 0.269805
0.592 0.26712
0.593 0.264345
0.594 0.26148
0.595 0.258524
0.596 0.255479
0.597 0.252342
0.598 0.249115
0.599 0.245798
0.6 0.24239
0.601 0.238894
0.602 0.235308
0.603 0.231635
0.604 0.227875
0.605 0.224029
0.606 0.220099
0.607 0.216085
0.608 0.211991
0.609 0.207816
0.61 0.203565
0.611 0.199237
0.612 0.194837
0.613 0.190365
0.614 0.185825
0.615 0.181219
0.616 0.17655
0.617 0.17182
0.618 0.167034
0.619 0.162194
0.62 0.157303
0.621 0.152364
0.622 0.147382
0.623 0.142359
0.624 0.1373
0.625 0.132208
0.626 0.127087
0.627 0.121942
0.628 0.116775
0.629 0.111591
0.63 0.106395
0.631 0.101191
0.632 0.0959818
0.633 0.0907732
0.634 0.0855691
0.635 0.0803739
0.636 0.0751919
0.637 0.0700277
0.638 0.0648857
0.639 0.0597703
0.64 0.0546859
0.641 0.049637
0.642 0.044628
0.643 0.0396633
0.644 0.0347472
0.645 0.029884
0.646 0.0250781
0.647 0.0203335
0.648 0.0156546
0.649 0.0110455
0.65 0.00650999
0.651 0.00205221
0.652 0.00232402
0.653 0.00661492
0.654 0.0108168
0.655 0.0149261
0.656 0.0189394
0.657 0.0228532
0.658 0.0266643
0.659 0.0303697
0.66 0.0339663
0.661 0.0374512
0.662 0.0408218
0.663 0.0440755
0.664 0.0472098
0.665 0.0502224
0.666 0.0531112
0.667 0.0558743
0.668 0.0585098
0.669 0.061016
0.67 0.0633915
0.671 0.065635
0.672 0.0677452
0.673 0.0697213
0.674 0.0715623
0.675 0.0732676
0.676 0.0748369
0.677 0.0762697
0.678 0.077566
0.679 0.0787258
0.68 0.0797494
0.681 0.0806371
0.682 0.0813896
0.683 0.0820075
0.684 0.0824919
0.685 0.0828437
0.686 0.0830644
0.687 0.0831552
0.688 0.0831177
0.689 0.0829538
0.69 0.0826653
0.691 0.0822542
0.692 0.0817228
0.693 0.0810735
0.694 0.0803086
0.695 0.0794309
0.696 0.0784431
0.697 0.0773482
0.698 0.0761491
0.699 0.0748489
0.7 0.073451
0.701 0.0719587
0.702 0.0703755
0.703 0.0687049
0.704 0.0669507
0.705 0.0651164
0.706 0.0632061
0.707 0.0612236
0.708 0.0591728
0.709 0.0570579
0.71 0.0548828
0.711 0.0526518
0.712 0.050369
0.713 0.0480387
0.714 0.045665
0.715 0.0432524
0.716 0.040805
0.717 0.0383271
0.718 0.0358231
0.719 0.0332973
0.72 0.030754
0.721 0.0281974
0.722 0.0256318
0.723 0.0230613
0.724 0.0204903
0.725 0.0179229
0.726 0.015363
0.727 0.0128149
0.728 0.0102824
0.729 0.00776953
0.73 0.00528005
0.731 0.00281777
0.732 0.00038636
0.733 0.00201058
0.734 0.00436954
0.735 0.00668712
0.736 0.00896001
0.737 0.011185
0.738 0.0133591
0.739 0.0154792
0.74 0.0175426
0.741 0.0195464
0.742 0.0214882
0.743 0.0233654
0.744 0.0251757
0.745 0.0269169
0.746 0.028587
0.747 0.030184
0.748 0.0317061
0.749 0.0331517
0.75 0.0345194
0.751 0.0358078
0.752 0.0370158
0.753 0.0381422
0.754 0.0391862
0.755 0.040147
0.756 0.0410241
0.757 0.0418171
0.758 0.0425256
0.759 0.0431495
0.76 0.0436889
0.761 0.0441438
0.762 0.0445146
0.763 0.0448018
0.764 0.0450059
0.765 0.0451277
0.766 0.045168
0.767 0.0451279
0.768 0.0450084
0.769 0.0448109
0.77 0.0445367
0.771 0.0441873
0.772 0.0437645
0.773 0.0432699
0.774 0.0427054
0.775 0.042073
0.776 0.0413747
0.777 0.0406127
0.778 0.0397894
0.779 0.0389069
0.78 0.0379679
0.781 0.0369747
0.782 0.03593
0.783 0.0348365
0.784 0.0336969
0.785 0.032514
0.786 0.0312905
0.787 0.0300295
0.788 0.0287339
0.789 0.0274065
0.79 0.0260504
0.791 0.0246687
0.792 0.0232644
0.793 0.0218405
0.794 0.0204001
0.795 0.0189464
0.796 0.0174823
0.797 0.0160109
0.798 0.0145353
0.799 0.0130586
0.8 0.0115837
0.801 0.0101135
0.802 0.0086512
0.803 0.00719952
0.804 0.00576138
0.805 0.00433958
0.806 0.0029369
0.807 0.00155602
0.808 0.000199593
0.809 0.00112981
0.81 0.0024297
0.811 0.00369765
0.812 0.00493131
0.813 0.00612842
0.814 0.00728681
0.815 0.00840441
0.816 0.00947922
0.817 0.0105094
0.818 0.011493
0.819 0.0124285
0.82 0.0133143
0.821 0.0141488
0.822 0.0149308
0.823 0.0156589
0.824 0.0163321
0.825 0.0169493
0.826 0.0175095
0.827 0.018012
0.828 0.0184561
0.829 0.0188413
0.83 0.019167
0.831 0.0194331
0.832 0.0196392
0.833 0.0197853
0.834 0.0198714
0.835 0.0198977
0.836 0.0198644
0.837 0.0197719
0.838 0.0196207
0.839 0.0194114
0.84 0.0191448
0.841 0.0188215
0.842 0.0184426
0.843 0.0180091
0.844 0.0175221
0.845 0.0169829
0.846 0.0163928
0.847 0.0157532
0.848 0.0150656
0.849 0.0143316
0.85 0.013553
0.851 0.0127313
0.852 0.0118686
0.853 0.0109667
0.854 0.0100276
0.855 0.00905335
0.856 0.00804601
0.857 0.00700776
0.858 0.00594081
0.859 0.00484743
0.86 0.00372992
0.861 0.00259061
0.862 0.00143187
0.863 0.000256121
0.864 0.000934223
0.865 0.00213671
0.866 0.00334888
0.867 0.00456825
0.868 0.00579235
0.869 0.00701869
0.87 0.0082448
0.871 0.00946821
0.872 0.0106865
0.873 0.0118971
0.874 0.0130977
0.875 0.0142859
0.876 0.0154594
0.877 0.0166157
0.878 0.0177526
0.879 0.0188679
0.88 0.0199594
0.881 0.0210248
0.882 0.0220622
0.883 0.0230695
0.884 0.0240447
0.885 0.0249859
0.886 0.0258912
0.887 0.026759
0.888 0.0275875
0.889 0.0283751
0.89 0.0291202
0.891 0.0298215
0.892 0.0304776
0.893 0.0310871
0.894 0.0316489
0.895 0.032162
0.896 0.0326253
0.897 0.0330379
0.898 0.0333991
0.899 0.033708
0.9 0.0339642
0.901 0.0341671
0.902 0.0343163
0.903 0.0344115
0.904 0.0344524
0.905 0.0344391
0.906 0.0343715
0.907 0.0342498
0.908 0.034074
0.909 0.0338446
0.91 0.0335619
0.911 0.0332264
0.912 0.0328388
0.913 0.0323997
0.914 0.0319099
0.915 0.0313704
0.916 0.030782
0.917 0.0301459
0.918 0.0294633
0.919 0.0287353
0.92 0.0279633
0.921 0.0271486
0.922 0.0262929
0.923 0.0253975
0.924 0.0244642
0.925 0.0234946
0.926 0.0224905
0.927 0.0214537
0.928 0.0203861
0.929 0.0192896
0.93 0.0181663
0.931 0.017018
0.932 0.015847
0.933 0.0146553
0.934 0.013445
0.935 0.0122185
0.936 0.0109778
0.937 0.00972516
0.938 0.00846292
0.939 0.00719331
0.94 0.00591862
0.941 0.00464113
0.942 0.00336313
0.943 0.00208693
0.944 0.000814802
0.945 0.000450963
0.946 0.0017081
0.947 0.00295436
0.948 0.00418752
0.949 0.00540537
0.95 0.00660572
0.951 0.00778645
0.952 0.00894544
0.953 0.0100806
0.954 0.01119
0.955 0.0122715
0.956 0.0133234
0.957 0.0143436
0.958 0.0153304
0.959 0.016282
0.96 0.0171967
0.961 0.018073
0.962 0.0189092
0.963 0.0197039
0.964 0.0204556
0.965 0.021163
0.966 0.0218249
0.967 0.0224401
0.968 0.0230074
0.969 0.023526
0.97 0.0239947
0.971 0.0244129
0.972 0.0247798
0.973 0.0250947
0.974 0.025357
0.975 0.0255663
0.976 0.0257221
0.977 0.0258243
0.978 0.0258725
0.979 0.0258667
0.98 0.0258069
0.981 0.0256932
0.982 0.0255257
0.983 0.0253047
0.984 0.0250305
0.985 0.0247037
0.986 0.0243248
0.987 0.0238943
0.988 0.023413
0.989 0.0228817
0.99 0.0223013
0.991 0.0216728
0.992 0.0209972
0.993 0.0202756
0.994 0.0195093
0.995 0.0186996
0.996 0.0178477
0.997 0.0169552
0.998 0.0160235
0.999 0.0150542
