-5.03338 331.558
-4.9304 330.757
-4.82743 331.337
-4.72445 329.892
-4.62147 330.692
-4.5185 330.437
-4.41552 331.374
-4.31254 330.243
-4.20956 330.872
-4.10659 331.266
-4.00361 329.568
-3.90063 331.945
-3.79766 330.097
-3.69468 330.726
-3.5917 331.296
-3.48873 330.323
-3.38575 331.334
-3.28277 331.615
-3.17979 330.787
-3.07682 331.513
-2.97384 332.471
-2.87086 335.134
-2.76789 340.567
-2.66491 349.277
-2.56193 365.872
-2.45896 385.501
-2.35598 406.431
-2.253 419.067
-2.15002 423.169
-2.04705 418.647
-1.94407 408.721
-1.84109 391.993
-1.73812 371.437
-1.63514 356.126
-1.53216 348.166
-1.42918 348.517
-1.32621 352.01
-1.22323 354.331
-1.12025 354.98
-1.01728 353.913
-0.9143 349.607
-0.81132 340.163
-0.70835 327.974
-0.60537 313.463
-0.50239 302.025
-0.39941 293.162
-0.29644 282.427
-0.19346 264.998
-0.09048 243.642
0.01249 229.933
0.11547 232.464
0.21845 249.129
0.32142 269.486
0.4244 285.16
0.52738 294.847
0.63036 304.979
0.73333 317.323
0.83631 331.94
0.93929 343.68
1.04226 350.995
1.14524 354.766
1.24822 354.941
1.3512 354.393
1.45417 351.726
1.55715 349.521
1.66013 349.275
1.7631 359.573
1.86608 377.377
1.96906 396.92
2.07203 411.753
2.17501 421.383
2.27799 422.345
2.38097 415.041
2.48394 398.41
2.58692 379.595
2.6899 360.455
2.79287 346.853
2.89585 338.426
2.99883 334.583
3.10181 331.7
3.20478 332.265
3.30776 331.392
3.41074 331.021
3.51371 330.926
3.61669 330.775
3.71967 330.848
3.82264 330.728
3.92562 331.224
4.0286 331.104
4.13158 330.593
4.23455 330.899
4.33753 331.245
4.44051 330.67
4.54348 330.54
4.64646 330.334
4.74944 331.042
4.85241 330.426
4.95543 330.345
5.05833 331.458
5.16133 329.296
