0 1.63414
0.001 1.63349
0.002 1.63155
0.003 1.62832
0.004 1.6238
0.005 1.61799
0.006 1.6109
0.007 1.60254
0.008 1.5929
0.009 1.582
0.01 1.56983
0.011 1.55642
0.012 1.54177
0.013 1.52588
0.014 1.50878
0.015 1.49046
0.016 1.47095
0.017 1.45026
0.018 1.42839
0.019 1.40537
0.02 1.3812
0.021 1.35591
0.022 1.32951
0.023 1.30202
0.024 1.27346
0.025 1.24384
0.026 1.21319
0.027 1.18152
0.028 1.14885
0.029 1.11521
0.03 1.08062
0.031 1.0451
0.032 1.00866
0.033 0.971345
0.034 0.933166
0.035 0.894149
0.036 0.854319
0.037 0.8137
0.038 0.772317
0.039 0.730197
0.04 0.687365
0.041 0.643847
0.042 0.599669
0.043 0.554859
0.044 0.509444
0.045 0.46345
0.046 0.416905
0.047 0.369837
0.048 0.322272
0.049 0.27424
0.05 0.225768
0.051 0.176885
0.052 0.127617
0.053 0.0779935
0.054 0.0280425
0.055 0.0222079
0.056 0.0727296
0.057 0.123495
0.058 0.174475
0.059 0.225643
0.06 0.27697
0.061 0.328429
0.062 0.379993
0.063 0.431633
0.064 0.483324
0.065 0.535037
0.066 0.586747
0.067 0.638426
0.068 0.690049
0.069 0.741588
0.07 0.79302
0.071 0.844318
0.072 0.895456
0.073 0.946411
0.074 0.997158
0.075 1.04767
0.076 1.09793
0.077 1.14791
0.078 1.19758
0.079 1.24693
0.08 1.29594
0.081 1.34457
0.082 1.39281
0.083 1.44064
0.084 1.48804
0.085 1.53499
0.086 1.58146
0.087 1.62744
0.088 1.67291
0.089 1.71785
0.09 1.76224
0.091 1.80607
0.092 1.84932
0.093 1.89197
0.094 1.934
0.095 1.97541
0.096 2.01617
0.097 2.05627
0.098 2.09569
0.099 2.13443
0.1 2.17246
0.101 2.20978
0.102 2.24637
0.103 2.28223
0.104 2.31733
0.105 2.35167
0.106 2.38524
0.107 2.41802
0.108 2.45002
0.109 2.48121
0.11 2.51159
0.111 2.54115
0.112 2.56988
0.113 2.59778
0.114 2.62484
0.115 2.65104
0.116 2.6764
0.117 2.70088
0.118 2.72451
0.119 2.74726
0.12 2.76913
0.121 2.79012
0.122 2.81022
0.123 2.82943
0.124 2.84775
0.125 2.86518
0.126 2.8817
0.127 2.89732
0.128 2.91204
0.129 2.92586
0.13 2.93876
0.131 2.95077
0.132 2.96186
0.133 2.97204
0.134 2.98132
0.135 2.98969
0.136 2.99715
0.137 3.00371
0.138 3.00936
0.139 3.01411
0.14 3.01796
0.141 3.02091
0.142 3.02296
0.143 3.02412
0.144 3.02438
0.145 3.02377
0.146 3.02226
0.147 3.01988
0.148 3.01662
0.149 3.0125
0.15 3.0075
0.151 3.00165
0.152 2.99494
0.153 2.98739
0.154 2.97898
0.155 2.96975
0.156 2.95968
0.157 2.94879
0.158 2.93708
0.159 2.92456
0.16 2.91125
0.161 2.89714
0.162 2.88224
0.163 2.86657
0.164 2.85013
0.165 2.83294
0.166 2.81499
0.167 2.79631
0.168 2.77689
0.169 2.75676
0.17 2.73592
0.171 2.71438
0.172 2.69216
0.173 2.66926
0.174 2.64569
0.175 2.62148
0.176 2.59663
0.177 2.57115
0.178 2.54505
0.179 2.51836
0.18 2.49108
0.181 2.46322
0.182 2.4348
0.183 2.40584
0.184 2.37635
0.185 2.34634
0.186 2.31582
0.187 2.28482
0.188 2.25335
0.189 2.22142
0.19 2.18905
0.191 2.15625
0.192 2.12305
0.193 2.08945
0.194 2.05548
0.195 2.02115
0.196 1.98648
0.197 1.95149
0.198 1.91619
0.199 1.8806
0.2 1.84473
0.201 1.80862
0.202 1.77227
0.203 1.7357
0.204 1.69893
0.205 1.66199
0.206 1.62488
0.207 1.58763
0.208 1.55025
0.209 1.51277
0.21 1.4752
0.211 1.43757
0.212 1.39989
0.213 1.36217
0.214 1.32445
0.215 1.28673
0.216 1.24905
0.217 1.21141
0.218 1.17384
0.219 1.13635
0.22 1.09896
0.221 1.0617
0.222 1.02459
0.223 0.987627
0.224 0.950848
0.225 0.914268
0.226 0.877903
0.227 0.841773
0.228 0.805896
0.229 0.770289
0.23 0.734971
0.231 0.699959
0.232 0.66527
0.233 0.630921
0.234 0.59693
0.235 0.563313
0.236 0.530087
0.237 0.497267
0.238 0.46487
0.239 0.43291
0.24 0.401404
0.241 0.370366
0.242 0.339811
0.243 0.309753
0.244 0.280206
0.245 0.251183
0.246 0.222698
0.247 0.194764
0.248 0.167392
0.249 0.140595
0.25 0.114385
0.251 0.088772
0.252 0.0637675
0.253 0.0393817
0.254 0.0156245
0.255 0.00749484
0.256 0.0299673
0.257 0.0517842
0.258 0.0729378
0.259 0.0934202
0.26 0.113225
0.261 0.132344
0.262 0.150773
0.263 0.168505
0.264 0.185535
0.265 0.201859
0.266 0.217473
0.267 0.232372
0.268 0.246554
0.269 0.260015
0.27 0.272754
0.271 0.284769
0.272 0.296059
0.273 0.306622
0.274 0.316459
0.275 0.32557
0.276 0.333955
0.277 0.341616
0.278 0.348554
0.279 0.354772
0.28 0.360271
0.281 0.365056
0.282 0.369129
0.283 0.372495
0.284 0.375157
0.285 0.377121
0.286 0.378392
0.287 0.378975
0.288 0.378877
0.289 0.378104
0.29 0.376662
0.291 0.37456
0.292 0.371804
0.293 0.368402
0.294 0.364364
0.295 0.359697
0.296 0.35441
0.297 0.348513
0.298 0.342016
0.299 0.334927
0.3 0.327259
0.301 0.31902
0.302 0.310222
0.303 0.300876
0.304 0.290993
0.305 0.280585
0.306 0.269663
0.307 0.258239
0.308 0.246325
0.309 0.233935
0.31 0.221079
0.311 0.207772
0.312 0.194025
0.313 0.179852
0.314 0.165265
0.315 0.150279
0.316 0.134906
0.317 0.11916
0.318 0.103055
0.319 0.0866035
0.32 0.0698197
0.321 0.0527173
0.322 0.0353101
0.323 0.0176119
0.324 0.000363343
0.325 0.0186019
0.326 0.0370898
0.327 0.0558131
0.328 0.0747582
0.329 0.093911
0.33 0.113258
0.331 0.132785
0.332 0.152478
0.333 0.172324
0.334 0.19231
0.335 0.212421
0.336 0.232643
0.337 0.252965
0.338 0.273372
0.339 0.293851
0.34 0.314389
0.341 0.334974
0.342 0.355591
0.343 0.376228
0.344 0.396873
0.345 0.417514
0.346 0.438137
0.347 0.45873
0.348 0.479281
0.349 0.499779
0.35 0.520212
0.351 0.540567
0.352 0.560833
0.353 0.580999
0.354 0.601054
0.355 0.620986
0.356 0.640785
0.357 0.66044
0.358 0.67994
0.359 0.699276
0.36 0.718436
0.361 0.737411
0.362 0.756191
0.363 0.774766
0.364 0.793128
0.365 0.811265
0.366 0.82917
0.367 0.846834
0.368 0.864247
0.369 0.881401
0.37 0.898288
0.371 0.9149
0.372 0.931228
0.373 0.947265
0.374 0.963003
0.375 0.978435
0.376 0.993553
0.377 1.00835
0.378 1.02282
0.379 1.03696
0.38 1.05075
0.381 1.0642
0.382 1.07729
0.383 1.09003
0.384 1.1024
0.385 1.1144
0.386 1.12602
0.387 1.13727
0.388 1.14813
0.389 1.15859
0.39 1.16867
0.391 1.17834
0.392 1.18761
0.393 1.19647
0.394 1.20492
0.395 1.21295
0.396 1.22057
0.397 1.22776
0.398 1.23454
0.399 1.24088
0.4 1.24679
0.401 1.25227
0.402 1.25732
0.403 1.26192
0.404 1.26609
0.405 1.26982
0.406 1.27311
0.407 1.27596
0.408 1.27836
0.409 1.28032
0.41 1.28183
0.411 1.2829
0.412 1.28352
0.413 1.2837
0.414 1.28343
0.415 1.28272
0.416 1.28157
0.417 1.27997
0.418 1.27793
0.419 1.27545
0.42 1.27253
0.421 1.26917
0.422 1.26538
0.423 1.26115
0.424 1.2565
0.425 1.25142
0.426 1.24591
0.427 1.23998
0.428 1.23363
0.429 1.22687
0.43 1.21969
0.431 1.21211
0.432 1.20413
0.433 1.19574
0.434 1.18697
0.435 1.1778
0.436 1.16825
0.437 1.15832
0.438 1.14801
0.439 1.13734
0.44 1.1263
0.441 1.11491
0.442 1.10316
0.443 1.09108
0.444 1.07865
0.445 1.06589
0.446 1.05281
0.447 1.03942
0.448 1.02571
0.449 1.0117
0.45 0.9974
0.451 0.982811
0.452 0.967942
0.453 0.952803
0.454 0.937401
0.455 0.921744
0.456 0.905843
0.457 0.889704
0.458 0.873336
0.459 0.856749
0.46 0.839952
0.461 0.822953
0.462 0.805762
0.463 0.788389
0.464 0.770841
0.465 0.75313
0.466 0.735264
0.467 0.717253
0.468 0.699107
0.469 0.680835
0.47 0.662447
0.471 0.643954
0.472 0.625364
0.473 0.606688
0.474 0.587936
0.475 0.569118
0.476 0.550242
0.477 0.53132
0.478 0.512362
0.479 0.493376
0.48 0.474373
0.481 0.455363
0.482 0.436356
0.483 0.417361
0.484 0.398387
0.485 0.379445
0.486 0.360544
0.487 0.341694
0.488 0.322903
0.489 0.304182
0.49 0.285538
0.491 0.266982
0.492 0.248523
0.493 0.230168
0.494 0.211927
0.495 0.193809
0.496 0.175821
0.497 0.157972
0.498 0.140271
0.499 0.122725
0.5 0.105342
0.501 0.0881303
0.502 0.0710965
0.503 0.0542482
0.504 0.0375927
0.505 0.0211368
0.506 0.00488742
0.507 0.0111489
0.508 0.0269659
0.509 0.0425572
0.51 0.0579169
0.511 0.0730393
0.512 0.0879187
0.513 0.10255
0.514 0.116927
0.515 0.131047
0.516 0.144903
0.517 0.158491
0.518 0.171808
0.519 0.184849
0.52 0.197609
0.521 0.210086
0.522 0.222277
0.523 0.234177
0.524 0.245784
0.525 0.257096
0.526 0.268109
0.527 0.278821
0.528 0.28923
0.529 0.299335
0.53 0.309133
0.531 0.318624
0.532 0.327805
0.533 0.336676
0.534 0.345236
0.535 0.353485
0.536 0.361421
0.537 0.369045
0.538 0.376356
0.539 0.383354
0.54 0.390041
0.541 0.396416
0.542 0.40248
0.543 0.408233
0.544 0.413678
0.545 0.418814
0.546 0.423643
0.547 0.428168
0.548 0.432388
0.549 0.436307
0.55 0.439926
0.551 0.443246
0.552 0.446271
0.553 0.449003
0.554 0.451443
0.555 0.453595
0.556 0.455461
0.557 0.457044
0.558 0.458347
0.559 0.459373
0.56 0.460124
0.561 0.460605
0.562 0.460818
0.563 0.460767
0.564 0.460455
0.565 0.459885
0.566 0.459062
0.567 0.457989
0.568 0.456669
0.569 0.455106
0.57 0.453304
0.571 0.451268
0.572 0.449
0.573 0.446505
0.574 0.443787
0.575 0.44085
0.576 0.437697
0.577 0.434334
0.578 0.430764
0.579 0.426991
0.58 0.423019
0.581 0.418853
0.582 0.414497
0.583 0.409955
0.584 0.405231
0.585 0.400329
0.586 0.395255
0.587 0.390011
0.588 0.384603
0.589 0.379034
0.59 0.373309
0.591 0.367432
0.592 0.361407
0.593 0.355239
0.594 0.348931
0.595 0.342489
0.596 0.335916
0.597 0.329217
0.598 0.322395
0.599 0.315455
0.6 0.308402
0.601 0.301239
0.602 0.29397
0.603 0.286601
0.604 0.279134
0.605 0.271574
0.606 0.263926
0.607 0.256193
0.608 0.24838
0.609 0.240491
0.61 0.232529
0.611 0.2245
0.612 0.216406
0.613 0.208252
0.614 0.200043
0.615 0.191782
0.616 0.183473
0.617 0.175121
0.618 0.166729
0.619 0.158301
0.62 0.149842
0.621 0.141355
0.622 0.132845
0.623 0.124315
0.624 0.11577
0.625 0.107213
0.626 0.0986476
0.627 0.090079
0.628 0.0815105
0.629 0.072946
0.63 0.0643894
0.631 0.0558447
0.632 0.0473156
0.633 0.038806
0.634 0.0303198
0.635 0.0218607
0.636 0.0134326
0.637 0.00503912
0.638 0.00331587
0.639 0.0116287
0.64 0.0198956
0.641 0.028113
0.642 0.0362772
0.643 0.0443846
0.644 0.0524316
0.645 0.0604147
0.646 0.0683304
0.647 0.0761751
0.648 0.0839454
0.649 0.091638
0.65 0.0992495
0.651 0.106776
0.652 0.114216
0.653 0.121564
0.654 0.128819
0.655 0.135976
0.656 0.143033
0.657 0.149986
0.658 0.156834
0.659 0.163573
0.66 0.170199
0.661 0.176712
0.662 0.183107
0.663 0.189382
0.664 0.195535
0.665 0.201563
0.666 0.207464
0.667 0.213236
0.668 0.218876
0.669 0.224383
0.67 0.229754
0.671 0.234988
0.672 0.240082
0.673 0.245035
0.674 0.249846
0.675 0.254512
0.676 0.259033
0.677 0.263407
0.678 0.267633
0.679 0.271709
0.68 0.275636
0.681 0.279411
0.682 0.283035
0.683 0.286506
0.684 0.289824
0.685 0.292989
0.686 0.296
0.687 0.298857
0.688 0.30156
0.689 0.304109
0.69 0.306504
0.691 0.308746
0.692 0.310835
0.693 0.312771
0.694 0.314555
0.695 0.316187
0.696 0.31767
0.697 0.319003
0.698 0.320187
0.699 0.321225
0.7 0.322116
0.701 0.322864
0.702 0.323468
0.703 0.323931
0.704 0.324254
0.705 0.324439
0.706 0.324489
0.707 0.324405
0.708 0.324189
0.709 0.323844
0.71 0.323372
0.711 0.322774
0.712 0.322055
0.713 0.321215
0.714 0.320258
0.715 0.319187
0.716 0.318004
0.717 0.316712
0.718 0.315314
0.719 0.313813
0.72 0.312212
0.721 0.310513
0.722 0.308721
0.723 0.306837
0.724 0.304866
0.725 0.302811
0.726 0.300674
0.727 0.298459
0.728 0.296169
0.729 0.293808
0.73 0.291379
0.731 0.288885
0.732 0.286329
0.733 0.283716
0.734 0.281047
0.735 0.278327
0.736 0.275558
0.737 0.272744
0.738 0.269889
0.739 0.266995
0.74 0.264066
0.741 0.261105
0.742 0.258115
0.743 0.255099
0.744 0.25206
0.745 0.249001
0.746 0.245925
0.747 0.242836
0.748 0.239735
0.749 0.236626
0.75 0.233512
0.751 0.230394
0.752 0.227277
0.753 0.224161
0.754 0.221051
0.755 0.217948
0.756 0.214854
0.757 0.211772
0.758 0.208704
0.759 0.205651
0.76 0.202617
0.761 0.199603
0.762 0.196611
0.763 0.193642
0.764 0.190699
0.765 0.187782
0.766 0.184894
0.767 0.182036
0.768 0.179208
0.769 0.176414
0.77 0.173652
0.771 0.170926
0.772 0.168235
0.773 0.165581
0.774 0.162965
0.775 0.160386
0.776 0.157847
0.777 0.155347
0.778 0.152888
0.779 0.150469
0.78 0.148091
0.781 0.145754
0.782 0.143459
0.783 0.141206
0.784 0.138995
0.785 0.136825
0.786 0.134698
0.787 0.132612
0.788 0.130568
0.789 0.128566
0.79 0.126605
0.791 0.124685
0.792 0.122806
0.793 0.120968
0.794 0.11917
0.795 0.117411
0.796 0.115692
0.797 0.114011
0.798 0.112369
0.799 0.110764
0.8 0.109197
0.801 0.107665
0.802 0.10617
0.803 0.104711
0.804 0.103285
0.805 0.101894
0.806 0.100537
0.807 0.0992116
0.808 0.0979188
0.809 0.0966574
0.81 0.0954268
0.811 0.0942264
0.812 0.0930556
0.813 0.0919136
0.814 0.0908
0.815 0.089714
0.816 0.0886552
0.817 0.0876228
0.818 0.0866165
0.819 0.0856357
0.82 0.0846797
0.821 0.0837483
0.822 0.0828408
0.823 0.0819568
0.824 0.081096
0.825 0.0802579
0.826 0.0794422
0.827 0.0786485
0.828 0.0778765
0.829 0.0771259
0.83 0.0763965
0.831 0.075688
0.832 0.0750003
0.833 0.0743331
0.834 0.0736863
0.835 0.0730598
0.836 0.0724534
0.837 0.0718671
0.838 0.0713009
0.839 0.0707547
0.84 0.0702286
0.841 0.0697224
0.842 0.0692364
0.843 0.0687704
0.844 0.0683247
0.845 0.0678992
0.846 0.0674942
0.847 0.0671097
0.848 0.0667458
0.849 0.0664027
0.85 0.0660805
0.851 0.0657795
0.852 0.0654997
0.853 0.0652413
0.854 0.0650045
0.855 0.0647894
0.856 0.0645963
0.857 0.0644252
0.858 0.0642764
0.859 0.06415
0.86 0.064046
0.861 0.0639647
0.862 0.0639062
0.863 0.0638705
0.864 0.0638578
0.865 0.0638681
0.866 0.0639014
0.867 0.0639578
0.868 0.0640373
0.869 0.0641399
0.87 0.0642654
0.871 0.0644139
0.872 0.0645852
0.873 0.0647792
0.874 0.0649957
0.875 0.0652346
0.876 0.0654956
0.877 0.0657785
0.878 0.0660829
0.879 0.0664086
0.88 0.0667551
0.881 0.0671221
0.882 0.0675092
0.883 0.0679159
0.884 0.0683416
0.885 0.0687858
0.886 0.069248
0.887 0.0697276
0.888 0.0702239
0.889 0.0707361
0.89 0.0712637
0.891 0.0718059
0.892 0.0723618
0.893 0.0729307
0.894 0.0735117
0.895 0.0741039
0.896 0.0747065
0.897 0.0753184
0.898 0.0759389
0.899 0.0765668
0.9 0.0772011
0.901 0.077841
0.902 0.0784852
0.903 0.0791327
0.904 0.0797825
0.905 0.0804335
0.906 0.0810846
0.907 0.0817346
0.908 0.0823824
0.909 0.0830269
0.91 0.083667
0.911 0.0843015
0.912 0.0849293
0.913 0.0855493
0.914 0.0861604
0.915 0.0867613
0.916 0.0873511
0.917 0.0879287
0.918 0.0884929
0.919 0.0890427
0.92 0.089577
0.921 0.0900948
0.922 0.0905952
0.923 0.0910772
0.924 0.0915397
0.925 0.091982
0.926 0.0924031
0.927 0.0928021
0.928 0.0931783
0.929 0.0935309
0.93 0.0938591
0.931 0.0941623
0.932 0.0944398
0.933 0.094691
0.934 0.0949154
0.935 0.0951123
0.936 0.0952815
0.937 0.0954224
0.938 0.0955346
0.939 0.095618
0.94 0.0956722
0.941 0.095697
0.942 0.0956923
0.943 0.095658
0.944 0.095594
0.945 0.0955004
0.946 0.0953771
0.947 0.0952245
0.948 0.0950425
0.949 0.0948316
0.95 0.0945918
0.951 0.0943237
0.952 0.0940276
0.953 0.0937039
0.954 0.0933532
0.955 0.092976
0.956 0.092573
0.957 0.0921447
0.958 0.0916918
0.959 0.0912152
0.96 0.0907156
0.961 0.0901939
0.962 0.0896509
0.963 0.0890875
0.964 0.0885047
0.965 0.0879036
0.966 0.087285
0.967 0.0866501
0.968 0.086
0.969 0.0853358
0.97 0.0846585
0.971 0.0839695
0.972 0.0832698
0.973 0.0825607
0.974 0.0818433
0.975 0.0811189
0.976 0.0803888
0.977 0.0796541
0.978 0.0789162
0.979 0.0781763
0.98 0.0774355
0.981 0.0766953
0.982 0.0759568
0.983 0.0752213
0.984 0.0744899
0.985 0.0737639
0.986 0.0730445
0.987 0.0723329
0.988 0.0716303
0.989 0.0709376
0.99 0.0702562
0.991 0.069587
0.992 0.0689311
0.993 0.0682895
0.994 0.0676632
0.995 0.0670532
0.996 0.0664603
0.997 0.0658855
0.998 0.0653295
0.999 0.0647932
