-4.53355 332.983
-4.44024 331.895
-4.34693 332.123
-4.25362 331.847
-4.16031 332.147
-4.067 332.006
-3.97369 332.145
-3.88038 332.305
-3.78707 332.056
-3.69376 331.997
-3.60045 332.498
-3.50714 332.408
-3.41383 332.377
-3.32052 332.608
-3.22721 332.66
-3.13389 333.455
-3.04058 333.995
-2.94727 335.662
-2.85396 338.506
-2.76065 343.627
-2.66734 351.503
-2.57403 364.078
-2.48072 383.526
-2.38741 409.937
-2.2941 439.889
-2.20079 468.489
-2.10748 482.909
-2.01417 480.008
-1.92086 466.948
-1.82755 451.266
-1.73423 436.596
-1.64092 420.909
-1.54761 399.657
-1.4543 374.121
-1.36099 348.882
-1.26768 328.879
-1.17437 315.696
-1.08106 308.467
-0.98775 305.307
-0.89444 304.335
-0.80113 304.098
-0.70782 303.099
-0.61451 300.077
-0.5212 295.939
-0.42789 290.261
-0.33457 282.353
-0.24126 271.464
-0.14795 256.82
-0.05464 241.843
0.03867 232.333
0.13198 233.075
0.22529 243.342
0.3186 258.794
0.41191 273.194
0.50522 283.882
0.59853 290.893
0.69184 295.773
0.78515 299.799
0.87846 303.128
0.97177 304.717
1.06509 304.96
1.1584 306.325
1.25171 310.124
1.34502 318.557
1.43833 332.153
1.53164 352.003
1.62495 376.984
1.71826 401.438
1.81157 422.498
1.90488 439.073
1.99819 455.044
2.0915 469.807
2.18481 479.463
2.27812 477.982
2.37143 463.635
2.46474 435.886
2.55806 407.525
2.65137 380.536
2.74468 361.113
2.83799 349.936
2.9313 342.596
3.02461 337.784
3.11792 335.11
3.21123 334.021
3.30454 333.415
3.39785 332.701
3.49116 332.411
3.58447 332.35
3.67778 332.5
3.77109 332.331
3.8644 331.934
3.95772 332.076
4.05103 332.347
4.14434 331.94
4.23765 332.026
4.33096 332.173
4.42427 331.824
4.51758 332.257
4.61089 331.968
4.7042 331.098
