0 2.06546
0.001 2.06461
0.002 2.06204
0.003 2.05776
0.004 2.05177
0.005 2.04407
0.006 2.03468
0.007 2.02359
0.008 2.01081
0.009 1.99634
0.01 1.98021
0.011 1.9624
0.012 1.94294
0.013 1.92184
0.014 1.8991
0.015 1.87475
0.016 1.84878
0.017 1.82123
0.018 1.79209
0.019 1.7614
0.02 1.72916
0.021 1.6954
0.022 1.66013
0.023 1.62337
0.024 1.58515
0.025 1.54547
0.026 1.50438
0.027 1.46188
0.028 1.41801
0.029 1.37278
0.03 1.32622
0.031 1.27836
0.032 1.22922
0.033 1.17883
0.034 1.12722
0.035 1.07441
0.036 1.02044
0.037 0.965327
0.038 0.909112
0.039 0.85182
0.04 0.793484
0.041 0.734134
0.042 0.673803
0.043 0.612524
0.044 0.550329
0.045 0.487251
0.046 0.423326
0.047 0.358587
0.048 0.293068
0.049 0.226805
0.05 0.159832
0.051 0.0921863
0.052 0.0239029
0.053 0.044982
0.054 0.114432
0.055 0.18441
0.056 0.254881
0.057 0.325805
0.058 0.397148
0.059 0.46887
0.06 0.540935
0.061 0.613306
0.062 0.685945
0.063 0.758814
0.064 0.831876
0.065 0.905093
0.066 0.978428
0.067 1.05184
0.068 1.1253
0.069 1.19876
0.07 1.27219
0.071 1.34555
0.072 1.41881
0.073 1.49192
0.074 1.56485
0.075 1.63757
0.076 1.71003
0.077 1.78221
0.078 1.85406
0.079 1.92556
0.08 1.99665
0.081 2.06732
0.082 2.13753
0.083 2.20724
0.084 2.27641
0.085 2.34502
0.086 2.41303
0.087 2.48042
0.088 2.54714
0.089 2.61316
0.09 2.67846
0.091 2.743
0.092 2.80676
0.093 2.8697
0.094 2.9318
0.095 2.99302
0.096 3.05334
0.097 3.11273
0.098 3.17116
0.099 3.22861
0.1 3.28505
0.101 3.34045
0.102 3.3948
0.103 3.44806
0.104 3.50022
0.105 3.55124
0.106 3.60112
0.107 3.64982
0.108 3.69733
0.109 3.74362
0.11 3.78868
0.111 3.83249
0.112 3.87502
0.113 3.91627
0.114 3.95622
0.115 3.99484
0.116 4.03212
0.117 4.06806
0.118 4.10263
0.119 4.13582
0.12 4.16762
0.121 4.19801
0.122 4.22699
0.123 4.25455
0.124 4.28067
0.125 4.30535
0.126 4.32858
0.127 4.35035
0.128 4.37065
0.129 4.38949
0.13 4.40684
0.131 4.42271
0.132 4.43709
0.133 4.44999
0.134 4.46139
0.135 4.4713
0.136 4.47971
0.137 4.48663
0.138 4.49205
0.139 4.49598
0.14 4.49841
0.141 4.49935
0.142 4.49881
0.143 4.49678
0.144 4.49327
0.145 4.48828
0.146 4.48183
0.147 4.47391
0.148 4.46453
0.149 4.45371
0.15 4.44144
0.151 4.42775
0.152 4.41263
0.153 4.39609
0.154 4.37816
0.155 4.35883
0.156 4.33813
0.157 4.31605
0.158 4.29263
0.159 4.26786
0.16 4.24177
0.161 4.21436
0.162 4.18566
0.163 4.15567
0.164 4.12443
0.165 4.09193
0.166 4.0582
0.167 4.02326
0.168 3.98712
0.169 3.9498
0.17 3.91133
0.171 3.87172
0.172 3.83099
0.173 3.78916
0.174 3.74625
0.175 3.70229
0.176 3.65729
0.177 3.61128
0.178 3.56428
0.179 3.51632
0.18 3.4674
0.181 3.41757
0.182 3.36684
0.183 3.31524
0.184 3.26278
0.185 3.20951
0.186 3.15543
0.187 3.10058
0.188 3.04498
0.189 2.98866
0.19 2.93164
0.191 2.87395
0.192 2.81561
0.193 2.75666
0.194 2.69711
0.195 2.637
0.196 2.57636
0.197 2.5152
0.198 2.45357
0.199 2.39147
0.2 2.32896
0.201 2.26604
0.202 2.20275
0.203 2.13911
0.204 2.07516
0.205 2.01093
0.206 1.94643
0.207 1.8817
0.208 1.81677
0.209 1.75167
0.21 1.68641
0.211 1.62104
0.212 1.55558
0.213 1.49006
0.214 1.4245
0.215 1.35893
0.216 1.29338
0.217 1.22789
0.218 1.16246
0.219 1.09715
0.22 1.03196
0.221 0.966932
0.222 0.902088
0.223 0.837456
0.224 0.773063
0.225 0.708935
0.226 0.645098
0.227 0.581579
0.228 0.518402
0.229 0.455594
0.23 0.39318
0.231 0.331185
0.232 0.269634
0.233 0.20855
0.234 0.147959
0.235 0.087884
0.236 0.0283485
0.237 0.0306243
0.238 0.0890114
0.239 0.14679
0.24 0.203939
0.241 0.260436
0.242 0.31626
0.243 0.37139
0.244 0.425805
0.245 0.479484
0.246 0.53241
0.247 0.584561
0.248 0.63592
0.249 0.686468
0.25 0.736186
0.251 0.785058
0.252 0.833067
0.253 0.880196
0.254 0.926428
0.255 0.97175
0.256 1.01614
0.257 1.0596
0.258 1.1021
0.259 1.14363
0.26 1.18417
0.261 1.22373
0.262 1.26228
0.263 1.29981
0.264 1.33631
0.265 1.37178
0.266 1.40619
0.267 1.43955
0.268 1.47185
0.269 1.50307
0.27 1.53321
0.271 1.56226
0.272 1.59021
0.273 1.61707
0.274 1.64282
0.275 1.66746
0.276 1.69099
0.277 1.7134
0.278 1.73469
0.279 1.75486
0.28 1.7739
0.281 1.79181
0.282 1.8086
0.283 1.82427
0.284 1.83881
0.285 1.85222
0.286 1.86451
0.287 1.87568
0.288 1.88573
0.289 1.89467
0.29 1.90249
0.291 1.90921
0.292 1.91483
0.293 1.91935
0.294 1.92278
0.295 1.92512
0.296 1.92639
0.297 1.92659
0.298 1.92573
0.299 1.92381
0.3 1.92086
0.301 1.91686
0.302 1.91184
0.303 1.90581
0.304 1.89878
0.305 1.89075
0.306 1.88174
0.307 1.87176
0.308 1.86083
0.309 1.84896
0.31 1.83615
0.311 1.82243
0.312 1.80781
0.313 1.7923
0.314 1.77592
0.315 1.75868
0.316 1.7406
0.317 1.7217
0.318 1.70198
0.319 1.68147
0.32 1.66019
0.321 1.63815
0.322 1.61536
0.323 1.59185
0.324 1.56763
0.325 1.54273
0.326 1.51715
0.327 1.49092
0.328 1.46406
0.329 1.43658
0.33 1.40851
0.331 1.37986
0.332 1.35065
0.333 1.32091
0.334 1.29065
0.335 1.25989
0.336 1.22865
0.337 1.19695
0.338 1.16481
0.339 1.13226
0.34 1.0993
0.341 1.06597
0.342 1.03228
0.343 0.998245
0.344 0.963894
0.345 0.929245
0.346 0.894318
0.347 0.859132
0.348 0.823708
0.349 0.788065
0.35 0.752223
0.351 0.716202
0.352 0.680023
0.353 0.643703
0.354 0.607264
0.355 0.570724
0.356 0.534102
0.357 0.497418
0.358 0.460691
0.359 0.423939
0.36 0.387181
0.361 0.350436
0.362 0.313721
0.363 0.277056
0.364 0.240457
0.365 0.203943
0.366 0.167531
0.367 0.131238
0.368 0.0950812
0.369 0.0590774
0.37 0.0232432
0.371 0.0124052
0.372 0.0478518
0.373 0.0830809
0.374 0.118077
0.375 0.152825
0.376 0.187309
0.377 0.221516
0.378 0.25543
0.379 0.289039
0.38 0.322327
0.381 0.355282
0.382 0.387891
0.383 0.42014
0.384 0.452017
0.385 0.48351
0.386 0.514608
0.387 0.545298
0.388 0.575569
0.389 0.605411
0.39 0.634813
0.391 0.663765
0.392 0.692256
0.393 0.720278
0.394 0.747822
0.395 0.774877
0.396 0.801436
0.397 0.827491
0.398 0.853034
0.399 0.878057
0.4 0.902553
0.401 0.926516
0.402 0.949938
0.403 0.972814
0.404 0.995139
0.405 1.01691
0.406 1.03811
0.407 1.05875
0.408 1.07881
0.409 1.0983
0.41 1.11721
0.411 1.13554
0.412 1.15328
0.413 1.17043
0.414 1.18699
0.415 1.20295
0.416 1.21832
0.417 1.2331
0.418 1.24727
0.419 1.26085
0.42 1.27382
0.421 1.2862
0.422 1.29797
0.423 1.30915
0.424 1.31973
0.425 1.32971
0.426 1.33909
0.427 1.34787
0.428 1.35606
0.429 1.36366
0.43 1.37067
0.431 1.37709
0.432 1.38293
0.433 1.38819
0.434 1.39286
0.435 1.39697
0.436 1.4005
0.437 1.40346
0.438 1.40586
0.439 1.40771
0.44 1.409
0.441 1.40974
0.442 1.40994
0.443 1.40959
0.444 1.40872
0.445 1.40732
0.446 1.4054
0.447 1.40296
0.448 1.40002
0.449 1.39657
0.45 1.39263
0.451 1.3882
0.452 1.38328
0.453 1.3779
0.454 1.37204
0.455 1.36573
0.456 1.35896
0.457 1.35175
0.458 1.34411
0.459 1.33603
0.46 1.32754
0.461 1.31863
0.462 1.30932
0.463 1.29962
0.464 1.28953
0.465 1.27906
0.466 1.26823
0.467 1.25703
0.468 1.24548
0.469 1.2336
0.47 1.22138
0.471 1.20884
0.472 1.19598
0.473 1.18282
0.474 1.16937
0.475 1.15563
0.476 1.14161
0.477 1.12733
0.478 1.1128
0.479 1.09801
0.48 1.08299
0.481 1.06775
0.482 1.05229
0.483 1.03661
0.484 1.02075
0.485 1.00469
0.486 0.988458
0.487 0.972058
0.488 0.955499
0.489 0.938792
0.49 0.921947
0.491 0.904974
0.492 0.887881
0.493 0.87068
0.494 0.85338
0.495 0.835991
0.496 0.818522
0.497 0.800982
0.498 0.783382
0.499 0.765731
0.5 0.748038
0.501 0.730314
0.502 0.712566
0.503 0.694805
0.504 0.677039
0.505 0.659278
0.506 0.641531
0.507 0.623807
0.508 0.606114
0.509 0.588462
0.51 0.570858
0.511 0.553312
0.512 0.535832
0.513 0.518427
0.514 0.501104
0.515 0.483872
0.516 0.466738
0.517 0.449712
0.518 0.432799
0.519 0.416009
0.52 0.399348
0.521 0.382824
0.522 0.366444
0.523 0.350215
0.524 0.334144
0.525 0.318237
0.526 0.302503
0.527 0.286946
0.528 0.271573
0.529 0.256391
0.53 0.241405
0.531 0.226621
0.532 0.212045
0.533 0.197682
0.534 0.183538
0.535 0.169617
0.536 0.155925
0.537 0.142467
0.538 0.129247
0.539 0.116269
0.54 0.103538
0.541 0.0910576
0.542 0.078832
0.543 0.0668648
0.544 0.0551595
0.545 0.0437193
0.546 0.0325475
0.547 0.0216469
0.548 0.0110203
0.549 0.000670271
0.55 0.00940087
0.551 0.0191909
0.552 0.0286979
0.553 0.0379201
0.554 0.0468558
0.555 0.0555036
0.556 0.0638623
0.557 0.0719309
0.558 0.0797085
0.559 0.0871945
0.56 0.0943885
0.561 0.10129
0.562 0.107899
0.563 0.114216
0.564 0.12024
0.565 0.125973
0.566 0.131415
0.567 0.136567
0.568 0.141429
0.569 0.146003
0.57 0.150291
0.571 0.154293
0.572 0.158011
0.573 0.161448
0.574 0.164605
0.575 0.167484
0.576 0.170088
0.577 0.172418
0.578 0.174479
0.579 0.176271
0.58 0.177799
0.581 0.179065
0.582 0.180073
0.583 0.180825
0.584 0.181326
0.585 0.181578
0.586 0.181585
0.587 0.181352
0.588 0.180882
0.589 0.180178
0.59 0.179246
0.591 0.17809
0.592 0.176713
0.593 0.17512
0.594 0.173316
0.595 0.171305
0.596 0.169092
0.597 0.166682
0.598 0.16408
0.599 0.161289
0.6 0.158317
0.601 0.155166
0.602 0.151843
0.603 0.148353
0.604 0.144701
0.605 0.140891
0.606 0.13693
0.607 0.132823
0.608 0.128574
0.609 0.12419
0.61 0.119676
0.611 0.115036
0.612 0.110277
0.613 0.105405
0.614 0.100423
0.615 0.0953381
0.616 0.0901556
0.617 0.0848806
0.618 0.0795188
0.619 0.0740754
0.62 0.0685558
0.621 0.0629654
0.622 0.0573096
0.623 0.0515936
0.624 0.0458227
0.625 0.0400021
0.626 0.0341371
0.627 0.0282328
0.628 0.0222944
0.629 0.0163268
0.63 0.0103351
0.631 0.00432422
0.632 0.0017009
0.633 0.00773544
0.634 0.0137746
0.635 0.0198137
0.636 0.0258482
0.637 0.0318733
0.638 0.0378847
0.639 0.0438778
0.64 0.0498485
0.641 0.0557923
0.642 0.0617051
0.643 0.0675828
0.644 0.0734215
0.645 0.079217
0.646 0.0849657
0.647 0.0906637
0.648 0.0963074
0.649 0.101893
0.65 0.107418
0.651 0.112877
0.652 0.118269
0.653 0.123589
0.654 0.128835
0.655 0.134004
0.656 0.139092
0.657 0.144097
0.658 0.149016
0.659 0.153847
0.66 0.158587
0.661 0.163234
0.662 0.167784
0.663 0.172237
0.664 0.17659
0.665 0.18084
0.666 0.184987
0.667 0.189028
0.668 0.192961
0.669 0.196784
0.67 0.200497
0.671 0.204098
0.672 0.207584
0.673 0.210956
0.674 0.214212
0.675 0.21735
0.676 0.22037
0.677 0.223271
0.678 0.226052
0.679 0.228712
0.68 0.231251
0.681 0.233668
0.682 0.235962
0.683 0.238134
0.684 0.240182
0.685 0.242107
0.686 0.243908
0.687 0.245586
0.688 0.247139
0.689 0.248569
0.69 0.249875
0.691 0.251058
0.692 0.252118
0.693 0.253055
0.694 0.25387
0.695 0.254562
0.696 0.255134
0.697 0.255584
0.698 0.255914
0.699 0.256125
0.7 0.256217
0.701 0.256191
0.702 0.256048
0.703 0.255789
0.704 0.255415
0.705 0.254927
0.706 0.254326
0.707 0.253612
0.708 0.252789
0.709 0.251855
0.71 0.250814
0.711 0.249665
0.712 0.248411
0.713 0.247053
0.714 0.245592
0.715 0.244029
0.716 0.242367
0.717 0.240606
0.718 0.238749
0.719 0.236797
0.72 0.234751
0.721 0.232613
0.722 0.230385
0.723 0.228069
0.724 0.225666
0.725 0.223178
0.726 0.220607
0.727 0.217955
0.728 0.215224
0.729 0.212414
0.73 0.20953
0.731 0.206571
0.732 0.203541
0.733 0.200441
0.734 0.197273
0.735 0.19404
0.736 0.190742
0.737 0.187383
0.738 0.183964
0.739 0.180487
0.74 0.176955
0.741 0.173369
0.742 0.169732
0.743 0.166046
0.744 0.162312
0.745 0.158534
0.746 0.154713
0.747 0.15085
0.748 0.14695
0.749 0.143013
0.75 0.139042
0.751 0.135039
0.752 0.131006
0.753 0.126946
0.754 0.122861
0.755 0.118752
0.756 0.114623
0.757 0.110475
0.758 0.10631
0.759 0.102131
0.76 0.0979408
0.761 0.0937404
0.762 0.0895325
0.763 0.0853194
0.764 0.0811032
0.765 0.0768863
0.766 0.0726707
0.767 0.0684588
0.768 0.0642527
0.769 0.0600546
0.77 0.0558668
0.771 0.0516914
0.772 0.0475306
0.773 0.0433865
0.774 0.0392614
0.775 0.0351574
0.776 0.0310766
0.777 0.0270212
0.778 0.0229931
0.779 0.0189947
0.78 0.0150278
0.781 0.0110945
0.782 0.00719698
0.783 0.00333715
0.784 0.000482984
0.785 0.00426144
0.786 0.00799626
0.787 0.0116855
0.788 0.0153274
0.789 0.0189199
0.79 0.0224612
0.791 0.0259495
0.792 0.0293831
0.793 0.0327602
0.794 0.0360789
0.795 0.0393378
0.796 0.0425351
0.797 0.0456691
0.798 0.0487383
0.799 0.0517412
0.8 0.0546763
0.801 0.057542
0.802 0.0603369
0.803 0.0630598
0.804 0.0657092
0.805 0.0682838
0.806 0.0707823
0.807 0.0732037
0.808 0.0755467
0.809 0.0778101
0.81 0.079993
0.811 0.0820944
0.812 0.0841132
0.813 0.0860486
0.814 0.0878996
0.815 0.0896656
0.816 0.0913457
0.817 0.0929392
0.818 0.0944455
0.819 0.0958641
0.82 0.0971943
0.821 0.0984357
0.822 0.0995879
0.823 0.100651
0.824 0.101623
0.825 0.102506
0.826 0.103298
0.827 0.104
0.828 0.104611
0.829 0.105132
0.83 0.105562
0.831 0.105902
0.832 0.106152
0.833 0.106312
0.834 0.106382
0.835 0.106363
0.836 0.106254
0.837 0.106057
0.838 0.105773
0.839 0.1054
0.84 0.104941
0.841 0.104396
0.842 0.103766
0.843 0.103051
0.844 0.102252
0.845 0.10137
0.846 0.100407
0.847 0.0993623
0.848 0.0982381
0.849 0.0970352
0.85 0.0957547
0.851 0.0943979
0.852 0.092966
0.853 0.0914602
0.854 0.089882
0.855 0.0882327
0.856 0.0865138
0.857 0.0847266
0.858 0.0828728
0.859 0.0809537
0.86 0.0789712
0.861 0.0769266
0.862 0.0748218
0.863 0.0726582
0.864 0.0704378
0.865 0.0681622
0.866 0.0658331
0.867 0.0634524
0.868 0.0610219
0.869 0.0585434
0.87 0.0560187
0.871 0.0534498
0.872 0.0508385
0.873 0.0481867
0.874 0.0454964
0.875 0.0427695
0.876 0.0400079
0.877 0.0372136
0.878 0.0343885
0.879 0.0315347
0.88 0.028654
0.881 0.0257484
0.882 0.0228199
0.883 0.0198706
0.884 0.0169022
0.885 0.0139168
0.886 0.0109164
0.887 0.00790282
0.888 0.00487807
0.889 0.00184406
0.89 0.00119732
0.891 0.00424417
0.892 0.00729462
0.893 0.0103468
0.894 0.0133989
0.895 0.016449
0.896 0.0194955
0.897 0.0225364
0.898 0.0255701
0.899 0.0285948
0.9 0.0316089
0.901 0.0346106
0.902 0.0375983
0.903 0.0405705
0.904 0.0435254
0.905 0.0464616
0.906 0.0493776
0.907 0.0522719
0.908 0.055143
0.909 0.0579895
0.91 0.06081
0.911 0.0636032
0.912 0.0663678
0.913 0.0691026
0.914 0.0718062
0.915 0.0744774
0.916 0.0771153
0.917 0.0797185
0.918 0.0822861
0.919 0.0848171
0.92 0.0873103
0.921 0.0897649
0.922 0.0921799
0.923 0.0945545
0.924 0.0968878
0.925 0.0991791
0.926 0.101428
0.927 0.103632
0.928 0.105793
0.929 0.107909
0.93 0.109979
0.931 0.112003
0.932 0.113981
0.933 0.115912
0.934 0.117795
0.935 0.11963
0.936 0.121417
0.937 0.123155
0.938 0.124844
0.939 0.126484
0.94 0.128075
0.941 0.129615
0.942 0.131106
0.943 0.132547
0.944 0.133938
0.945 0.135278
0.946 0.136568
0.947 0.137808
0.948 0.138997
0.949 0.140136
0.95 0.141225
0.951 0.142264
0.952 0.143252
0.953 0.14419
0.954 0.145079
0.955 0.145918
0.956 0.146707
0.957 0.147447
0.958 0.148137
0.959 0.148779
0.96 0.149372
0.961 0.149917
0.962 0.150414
0.963 0.150862
0.964 0.151264
0.965 0.151618
0.966 0.151925
0.967 0.152186
0.968 0.152401
0.969 0.152569
0.97 0.152693
0.971 0.152771
0.972 0.152805
0.973 0.152794
0.974 0.15274
0.975 0.152642
0.976 0.152502
0.977 0.152318
0.978 0.152093
0.979 0.151825
0.98 0.151517
0.981 0.151167
0.982 0.150777
0.983 0.150347
0.984 0.149878
0.985 0.149369
0.986 0.148822
0.987 0.148236
0.988 0.147613
0.989 0.146952
0.99 0.146255
0.991 0.145521
0.992 0.144751
0.993 0.143946
0.994 0.143106
0.995 0.142231
0.996 0.141322
0.997 0.140379
0.998 0.139403
0.999 0.138394
