-5.30684 333.48
-5.19927 334.133
-5.09169 332.655
-4.98412 333.51
-4.87654 332.868
-4.76897 332.837
-4.66139 334.079
-4.55382 332.474
-4.44624 333.785
-4.33867 333.251
-4.23109 334.205
-4.12352 332.756
-4.01594 333.345
-3.90837 333.45
-3.80079 333.894
-3.69322 333.451
-3.58564 333.078
-3.47807 333.633
-3.37049 333.719
-3.26292 334.282
-3.15534 333.978
-3.04777 335.142
-2.94019 336.77
-2.83262 341.015
-2.72504 351.009
-2.61747 368.389
-2.50989 388.667
-2.40232 408.939
-2.29474 420.753
-2.18717 418.324
-2.07959 409.589
-1.97202 399.211
-1.86444 383.516
-1.75687 365.465
-1.64929 351.224
-1.54172 345.224
-1.43414 343.483
-1.32657 343.741
-1.219 343.481
-1.11142 343.547
-1.00385 340.935
-0.89627 332.416
-0.7887 319.166
-0.68112 303.649
-0.57355 291.379
-0.46597 282.197
-0.3584 271.889
-0.25082 252.096
-0.14325 223.546
-0.03567 202.641
0.0719 205.328
0.17948 227.863
0.28705 254.643
0.39463 273.428
0.5022 283.122
0.60978 292.452
0.71735 306.172
0.82493 321.736
0.9325 334.326
1.04008 341.104
1.14765 343.566
1.25523 344.127
1.3628 343.531
1.47038 342.942
1.57795 344.174
1.68553 351.571
1.7931 367.723
1.90068 384.951
2.00825 398.727
2.11583 410.843
2.2234 418.486
2.33098 418.976
2.43855 408.373
2.54613 385.882
2.6537 366.827
2.76128 350.688
2.86885 340.612
2.97643 335.989
3.084 335.608
3.19158 333.912
3.29915 334.004
3.40673 333.702
3.5143 333.877
3.62188 333.499
3.72945 333.619
3.83703 333.184
3.9446 333.811
4.05218 333.739
4.15975 333.213
4.26733 333.454
4.3749 333.312
4.48248 333.261
4.59005 333.267
4.69767 333.678
4.80517 333.49
4.91277 332.74
5.02037 333.115
5.12797 333.985
5.23547 333.299
5.34307 332.627
