0 0.635966
0.001 0.635405
0.002 0.633719
0.003 0.630912
0.004 0.626984
0.005 0.621939
0.006 0.615779
0.007 0.608509
0.008 0.600133
0.009 0.590657
0.01 0.580086
0.011 0.568429
0.012 0.555692
0.013 0.541884
0.014 0.527014
0.015 0.511091
0.016 0.494126
0.017 0.476129
0.018 0.457113
0.019 0.43709
0.02 0.416072
0.021 0.394074
0.022 0.371108
0.023 0.347191
0.024 0.322336
0.025 0.296561
0.026 0.269882
0.027 0.242314
0.028 0.213877
0.029 0.184588
0.03 0.154465
0.031 0.123527
0.032 0.0917934
0.033 0.0592846
0.034 0.0260205
0.035 0.00797834
0.036 0.0426908
0.037 0.0780956
0.038 0.114171
0.039 0.150895
0.04 0.188244
0.041 0.226197
0.042 0.264731
0.043 0.303822
0.044 0.343446
0.045 0.38358
0.046 0.424201
0.047 0.465284
0.048 0.506804
0.049 0.548738
0.05 0.591061
0.051 0.633748
0.052 0.676774
0.053 0.720116
0.054 0.763747
0.055 0.807644
0.056 0.85178
0.057 0.896132
0.058 0.940674
0.059 0.985381
0.06 1.03023
0.061 1.07519
0.062 1.12025
0.063 1.16537
0.064 1.21053
0.065 1.25571
0.066 1.30089
0.067 1.34603
0.068 1.39112
0.069 1.43613
0.07 1.48104
0.071 1.52582
0.072 1.57045
0.073 1.61492
0.074 1.65918
0.075 1.70324
0.076 1.74705
0.077 1.7906
0.078 1.83387
0.079 1.87684
0.08 1.91948
0.081 1.96177
0.082 2.0037
0.083 2.04525
0.084 2.08638
0.085 2.1271
0.086 2.16737
0.087 2.20717
0.088 2.24649
0.089 2.28532
0.09 2.32362
0.091 2.3614
0.092 2.39862
0.093 2.43527
0.094 2.47134
0.095 2.50681
0.096 2.54166
0.097 2.57588
0.098 2.60946
0.099 2.64237
0.1 2.67462
0.101 2.70618
0.102 2.73704
0.103 2.76718
0.104 2.7966
0.105 2.82529
0.106 2.85323
0.107 2.88041
0.108 2.90681
0.109 2.93244
0.11 2.95729
0.111 2.98133
0.112 3.00456
0.113 3.02698
0.114 3.04857
0.115 3.06934
0.116 3.08926
0.117 3.10833
0.118 3.12656
0.119 3.14392
0.12 3.16042
0.121 3.17605
0.122 3.1908
0.123 3.20467
0.124 3.21766
0.125 3.22976
0.126 3.24097
0.127 3.25128
0.128 3.2607
0.129 3.26922
0.13 3.27684
0.131 3.28356
0.132 3.28937
0.133 3.29428
0.134 3.29828
0.135 3.30138
0.136 3.30357
0.137 3.30487
0.138 3.30526
0.139 3.30475
0.14 3.30334
0.141 3.30103
0.142 3.29784
0.143 3.29375
0.144 3.28878
0.145 3.28292
0.146 3.27618
0.147 3.26857
0.148 3.2601
0.149 3.25075
0.15 3.24055
0.151 3.2295
0.152 3.2176
0.153 3.20487
0.154 3.1913
0.155 3.1769
0.156 3.16169
0.157 3.14568
0.158 3.12886
0.159 3.11125
0.16 3.09286
0.161 3.07369
0.162 3.05377
0.163 3.03309
0.164 3.01167
0.165 2.98952
0.166 2.96665
0.167 2.94307
0.168 2.9188
0.169 2.89384
0.17 2.86821
0.171 2.84192
0.172 2.81499
0.173 2.78742
0.174 2.75923
0.175 2.73045
0.176 2.70107
0.177 2.67111
0.178 2.6406
0.179 2.60954
0.18 2.57794
0.181 2.54584
0.182 2.51324
0.183 2.48015
0.184 2.4466
0.185 2.41259
0.186 2.37816
0.187 2.34331
0.188 2.30806
0.189 2.27243
0.19 2.23643
0.191 2.2001
0.192 2.16343
0.193 2.12645
0.194 2.08919
0.195 2.05165
0.196 2.01385
0.197 1.97582
0.198 1.93758
0.199 1.89913
0.2 1.86051
0.201 1.82173
0.202 1.78281
0.203 1.74377
0.204 1.70462
0.205 1.6654
0.206 1.6261
0.207 1.58677
0.208 1.54741
0.209 1.50805
0.21 1.4687
0.211 1.42938
0.212 1.39012
0.213 1.35093
0.214 1.31182
0.215 1.27283
0.216 1.23397
0.217 1.19525
0.218 1.15671
0.219 1.11834
0.22 1.08018
0.221 1.04224
0.222 1.00454
0.223 0.967096
0.224 0.929928
0.225 0.893053
0.226 0.856487
0.227 0.820248
0.228 0.784352
0.229 0.748816
0.23 0.713657
0.231 0.678891
0.232 0.644532
0.233 0.610597
0.234 0.5771
0.235 0.544057
0.236 0.511482
0.237 0.479388
0.238 0.447791
0.239 0.416703
0.24 0.386137
0.241 0.356107
0.242 0.326623
0.243 0.2977
0.244 0.269347
0.245 0.241577
0.246 0.214399
0.247 0.187825
0.248 0.161864
0.249 0.136526
0.25 0.11182
0.251 0.0877546
0.252 0.0643381
0.253 0.0415783
0.254 0.0194826
0.255 0.00194211
0.256 0.0226893
0.257 0.0427528
0.258 0.0621273
0.259 0.0808074
0.26 0.0987885
0.261 0.116066
0.262 0.132637
0.263 0.148498
0.264 0.163645
0.265 0.178076
0.266 0.19179
0.267 0.204784
0.268 0.217059
0.269 0.228612
0.27 0.239444
0.271 0.249555
0.272 0.258945
0.273 0.267616
0.274 0.27557
0.275 0.282808
0.276 0.289332
0.277 0.295145
0.278 0.30025
0.279 0.304652
0.28 0.308353
0.281 0.311359
0.282 0.313673
0.283 0.315302
0.284 0.316249
0.285 0.316522
0.286 0.316127
0.287 0.315069
0.288 0.313356
0.289 0.310995
0.29 0.307993
0.291 0.304359
0.292 0.3001
0.293 0.295225
0.294 0.289742
0.295 0.28366
0.296 0.27699
0.297 0.269739
0.298 0.261919
0.299 0.253538
0.3 0.244608
0.301 0.235138
0.302 0.225141
0.303 0.214625
0.304 0.203603
0.305 0.192086
0.306 0.180085
0.307 0.167612
0.308 0.154679
0.309 0.141298
0.31 0.127481
0.311 0.113241
0.312 0.0985888
0.313 0.0835381
0.314 0.0681015
0.315 0.0522915
0.316 0.0361212
0.317 0.0196035
0.318 0.00275138
0.319 0.014422
0.32 0.0319034
0.321 0.0496796
0.322 0.0677372
0.323 0.0860631
0.324 0.104644
0.325 0.123466
0.326 0.142515
0.327 0.16178
0.328 0.181245
0.329 0.200897
0.33 0.220724
0.331 0.240711
0.332 0.260846
0.333 0.281114
0.334 0.301502
0.335 0.321997
0.336 0.342586
0.337 0.363255
0.338 0.383992
0.339 0.404782
0.34 0.425614
0.341 0.446473
0.342 0.467347
0.343 0.488223
0.344 0.509089
0.345 0.52993
0.346 0.550736
0.347 0.571494
0.348 0.59219
0.349 0.612813
0.35 0.633351
0.351 0.653791
0.352 0.674122
0.353 0.694331
0.354 0.714407
0.355 0.734339
0.356 0.754115
0.357 0.773723
0.358 0.793154
0.359 0.812394
0.36 0.831435
0.361 0.850265
0.362 0.868873
0.363 0.88725
0.364 0.905385
0.365 0.923267
0.366 0.940888
0.367 0.958238
0.368 0.975307
0.369 0.992086
0.37 1.00857
0.371 1.02474
0.372 1.04059
0.373 1.05612
0.374 1.07132
0.375 1.08617
0.376 1.10067
0.377 1.11482
0.378 1.1286
0.379 1.14202
0.38 1.15505
0.381 1.16769
0.382 1.17995
0.383 1.1918
0.384 1.20325
0.385 1.21429
0.386 1.22492
0.387 1.23512
0.388 1.2449
0.389 1.25424
0.39 1.26315
0.391 1.27162
0.392 1.27964
0.393 1.28722
0.394 1.29434
0.395 1.30101
0.396 1.30722
0.397 1.31297
0.398 1.31825
0.399 1.32307
0.4 1.32742
0.401 1.3313
0.402 1.33471
0.403 1.33765
0.404 1.34011
0.405 1.3421
0.406 1.34361
0.407 1.34465
0.408 1.34522
0.409 1.34531
0.41 1.34493
0.411 1.34408
0.412 1.34275
0.413 1.34096
0.414 1.3387
0.415 1.33597
0.416 1.33278
0.417 1.32913
0.418 1.32502
0.419 1.32046
0.42 1.31544
0.421 1.30998
0.422 1.30408
0.423 1.29773
0.424 1.29095
0.425 1.28374
0.426 1.2761
0.427 1.26804
0.428 1.25957
0.429 1.25069
0.43 1.24141
0.431 1.23172
0.432 1.22165
0.433 1.21119
0.434 1.20036
0.435 1.18915
0.436 1.17758
0.437 1.16565
0.438 1.15337
0.439 1.14075
0.44 1.1278
0.441 1.11452
0.442 1.10093
0.443 1.08703
0.444 1.07282
0.445 1.05833
0.446 1.04355
0.447 1.0285
0.448 1.01318
0.449 0.997605
0.45 0.981785
0.451 0.965728
0.452 0.949444
0.453 0.932941
0.454 0.916231
0.455 0.899321
0.456 0.882224
0.457 0.864947
0.458 0.847501
0.459 0.829896
0.46 0.812143
0.461 0.79425
0.462 0.776229
0.463 0.758089
0.464 0.73984
0.465 0.721492
0.466 0.703056
0.467 0.684542
0.468 0.665959
0.469 0.647318
0.47 0.628628
0.471 0.609899
0.472 0.591142
0.473 0.572366
0.474 0.553581
0.475 0.534797
0.476 0.516023
0.477 0.497269
0.478 0.478543
0.479 0.459857
0.48 0.441218
0.481 0.422636
0.482 0.40412
0.483 0.385678
0.484 0.367321
0.485 0.349055
0.486 0.33089
0.487 0.312835
0.488 0.294897
0.489 0.277084
0.49 0.259405
0.491 0.241867
0.492 0.224477
0.493 0.207244
0.494 0.190175
0.495 0.173276
0.496 0.156555
0.497 0.140018
0.498 0.123673
0.499 0.107525
0.5 0.0915802
0.501 0.0758457
0.502 0.060327
0.503 0.0450296
0.504 0.0299591
0.505 0.0151209
0.506 0.000520102
0.507 0.0138384
0.508 0.0279498
0.509 0.0418095
0.51 0.0554132
0.511 0.0687567
0.512 0.0818359
0.513 0.0946471
0.514 0.107187
0.515 0.119451
0.516 0.131437
0.517 0.143142
0.518 0.154562
0.519 0.165696
0.52 0.17654
0.521 0.187092
0.522 0.197351
0.523 0.207313
0.524 0.216978
0.525 0.226344
0.526 0.235409
0.527 0.244172
0.528 0.252632
0.529 0.260788
0.53 0.268639
0.531 0.276184
0.532 0.283424
0.533 0.290358
0.534 0.296986
0.535 0.303307
0.536 0.309323
0.537 0.315032
0.538 0.320437
0.539 0.325536
0.54 0.330332
0.541 0.334825
0.542 0.339016
0.543 0.342905
0.544 0.346496
0.545 0.349788
0.546 0.352784
0.547 0.355484
0.548 0.357892
0.549 0.360008
0.55 0.361835
0.551 0.363374
0.552 0.364629
0.553 0.365601
0.554 0.366293
0.555 0.366708
0.556 0.366847
0.557 0.366715
0.558 0.366313
0.559 0.365644
0.56 0.364713
0.561 0.363521
0.562 0.362072
0.563 0.360369
0.564 0.358417
0.565 0.356217
0.566 0.353774
0.567 0.351092
0.568 0.348173
0.569 0.345023
0.57 0.341644
0.571 0.338041
0.572 0.334217
0.573 0.330178
0.574 0.325926
0.575 0.321466
0.576 0.316803
0.577 0.311941
0.578 0.306884
0.579 0.301636
0.58 0.296203
0.581 0.290588
0.582 0.284797
0.583 0.278833
0.584 0.272703
0.585 0.26641
0.586 0.259959
0.587 0.253356
0.588 0.246605
0.589 0.239711
0.59 0.23268
0.591 0.225515
0.592 0.218223
0.593 0.210808
0.594 0.203276
0.595 0.195632
0.596 0.187881
0.597 0.180028
0.598 0.172078
0.599 0.164038
0.6 0.155911
0.601 0.147704
0.602 0.139421
0.603 0.131069
0.604 0.122652
0.605 0.114176
0.606 0.105647
0.607 0.0970687
0.608 0.0884477
0.609 0.079789
0.61 0.0710981
0.611 0.0623802
0.612 0.0536409
0.613 0.0448853
0.614 0.0361189
0.615 0.0273469
0.616 0.0185745
0.617 0.00980712
0.618 0.00104986
0.619 0.00769206
0.62 0.0164135
0.621 0.0251094
0.622 0.0337746
0.623 0.0424042
0.624 0.0509932
0.625 0.0595366
0.626 0.0680297
0.627 0.0764676
0.628 0.0848455
0.629 0.0931589
0.63 0.101403
0.631 0.109574
0.632 0.117666
0.633 0.125676
0.634 0.133599
0.635 0.141431
0.636 0.149169
0.637 0.156807
0.638 0.164342
0.639 0.17177
0.64 0.179088
0.641 0.186291
0.642 0.193377
0.643 0.200342
0.644 0.207183
0.645 0.213896
0.646 0.220478
0.647 0.226927
0.648 0.23324
0.649 0.239414
0.65 0.245446
0.651 0.251334
0.652 0.257076
0.653 0.262669
0.654 0.268112
0.655 0.273402
0.656 0.278539
0.657 0.283519
0.658 0.288342
0.659 0.293006
0.66 0.29751
0.661 0.301852
0.662 0.306033
0.663 0.310051
0.664 0.313905
0.665 0.317595
0.666 0.32112
0.667 0.324481
0.668 0.327676
0.669 0.330706
0.67 0.333572
0.671 0.336272
0.672 0.338808
0.673 0.341181
0.674 0.34339
0.675 0.345437
0.676 0.347322
0.677 0.349047
0.678 0.350612
0.679 0.352019
0.68 0.35327
0.681 0.354364
0.682 0.355306
0.683 0.356095
0.684 0.356733
0.685 0.357224
0.686 0.357568
0.687 0.357767
0.688 0.357825
0.689 0.357742
0.69 0.357522
0.691 0.357167
0.692 0.356679
0.693 0.356061
0.694 0.355316
0.695 0.354446
0.696 0.353454
0.697 0.352342
0.698 0.351115
0.699 0.349774
0.7 0.348324
0.701 0.346765
0.702 0.345103
0.703 0.343339
0.704 0.341478
0.705 0.339522
0.706 0.337474
0.707 0.335338
0.708 0.333116
0.709 0.330813
0.71 0.32843
0.711 0.325973
0.712 0.323443
0.713 0.320844
0.714 0.318179
0.715 0.315452
0.716 0.312666
0.717 0.309823
0.718 0.306928
0.719 0.303983
0.72 0.300991
0.721 0.297956
0.722 0.29488
0.723 0.291768
0.724 0.28862
0.725 0.285442
0.726 0.282235
0.727 0.279003
0.728 0.275748
0.729 0.272474
0.73 0.269182
0.731 0.265876
0.732 0.262559
0.733 0.259233
0.734 0.2559
0.735 0.252563
0.736 0.249225
0.737 0.245888
0.738 0.242555
0.739 0.239227
0.74 0.235907
0.741 0.232597
0.742 0.2293
0.743 0.226017
0.744 0.22275
0.745 0.219501
0.746 0.216273
0.747 0.213067
0.748 0.209884
0.749 0.206728
0.75 0.203598
0.751 0.200497
0.752 0.197427
0.753 0.194389
0.754 0.191384
0.755 0.188414
0.756 0.18548
0.757 0.182583
0.758 0.179725
0.759 0.176908
0.76 0.174131
0.761 0.171396
0.762 0.168705
0.763 0.166058
0.764 0.163456
0.765 0.1609
0.766 0.158392
0.767 0.155931
0.768 0.153519
0.769 0.151157
0.77 0.148844
0.771 0.146583
0.772 0.144374
0.773 0.142216
0.774 0.140112
0.775 0.138061
0.776 0.136064
0.777 0.134122
0.778 0.132234
0.779 0.130403
0.78 0.128627
0.781 0.126907
0.782 0.125244
0.783 0.123638
0.784 0.12209
0.785 0.120599
0.786 0.119167
0.787 0.117792
0.788 0.116477
0.789 0.11522
0.79 0.114022
0.791 0.112883
0.792 0.111803
0.793 0.110784
0.794 0.109823
0.795 0.108923
0.796 0.108082
0.797 0.107301
0.798 0.10658
0.799 0.105919
0.8 0.105318
0.801 0.104777
0.802 0.104296
0.803 0.103874
0.804 0.103513
0.805 0.103211
0.806 0.102968
0.807 0.102785
0.808 0.102661
0.809 0.102595
0.81 0.102588
0.811 0.10264
0.812 0.10275
0.813 0.102917
0.814 0.103142
0.815 0.103424
0.816 0.103762
0.817 0.104157
0.818 0.104607
0.819 0.105112
0.82 0.105671
0.821 0.106285
0.822 0.106952
0.823 0.107671
0.824 0.108442
0.825 0.109265
0.826 0.110138
0.827 0.11106
0.828 0.112031
0.829 0.11305
0.83 0.114116
0.831 0.115227
0.832 0.116384
0.833 0.117584
0.834 0.118827
0.835 0.120111
0.836 0.121436
0.837 0.1228
0.838 0.124202
0.839 0.12564
0.84 0.127114
0.841 0.128622
0.842 0.130162
0.843 0.131733
0.844 0.133334
0.845 0.134963
0.846 0.136618
0.847 0.138298
0.848 0.140001
0.849 0.141726
0.85 0.143471
0.851 0.145234
0.852 0.147014
0.853 0.148808
0.854 0.150615
0.855 0.152434
0.856 0.154261
0.857 0.156097
0.858 0.157937
0.859 0.159782
0.86 0.161629
0.861 0.163475
0.862 0.16532
0.863 0.16716
0.864 0.168995
0.865 0.170823
0.866 0.172641
0.867 0.174447
0.868 0.17624
0.869 0.178018
0.87 0.179779
0.871 0.18152
0.872 0.183241
0.873 0.18494
0.874 0.186613
0.875 0.188261
0.876 0.189881
0.877 0.191471
0.878 0.193029
0.879 0.194554
0.88 0.196045
0.881 0.197499
0.882 0.198916
0.883 0.200293
0.884 0.201629
0.885 0.202923
0.886 0.204173
0.887 0.205378
0.888 0.206537
0.889 0.207649
0.89 0.208712
0.891 0.209725
0.892 0.210688
0.893 0.211599
0.894 0.212457
0.895 0.213262
0.896 0.214012
0.897 0.214707
0.898 0.215347
0.899 0.21593
0.9 0.216456
0.901 0.216926
0.902 0.217337
0.903 0.217691
0.904 0.217986
0.905 0.218223
0.906 0.218401
0.907 0.218521
0.908 0.218582
0.909 0.218584
0.91 0.218528
0.911 0.218415
0.912 0.218243
0.913 0.218014
0.914 0.217728
0.915 0.217385
0.916 0.216987
0.917 0.216533
0.918 0.216024
0.919 0.215461
0.92 0.214846
0.921 0.214178
0.922 0.213458
0.923 0.212688
0.924 0.211869
0.925 0.211001
0.926 0.210086
0.927 0.209124
0.928 0.208118
0.929 0.207068
0.93 0.205975
0.931 0.204841
0.932 0.203667
0.933 0.202455
0.934 0.201205
0.935 0.19992
0.936 0.1986
0.937 0.197247
0.938 0.195863
0.939 0.194449
0.94 0.193006
0.941 0.191536
0.942 0.190041
0.943 0.188521
0.944 0.18698
0.945 0.185417
0.946 0.183835
0.947 0.182234
0.948 0.180618
0.949 0.178986
0.95 0.177341
0.951 0.175683
0.952 0.174015
0.953 0.172338
0.954 0.170653
0.955 0.168961
0.956 0.167265
0.957 0.165564
0.958 0.163861
0.959 0.162157
0.96 0.160453
0.961 0.15875
0.962 0.15705
0.963 0.155353
0.964 0.15366
0.965 0.151974
0.966 0.150294
0.967 0.148622
0.968 0.146958
0.969 0.145304
0.97 0.143661
0.971 0.142029
0.972 0.140409
0.973 0.138801
0.974 0.137208
0.975 0.135628
0.976 0.134063
0.977 0.132514
0.978 0.130981
0.979 0.129464
0.98 0.127965
0.981 0.126482
0.982 0.125018
0.983 0.123571
0.984 0.122143
0.985 0.120734
0.986 0.119344
0.987 0.117973
0.988 0.116622
0.989 0.11529
0.99 0.113978
0.991 0.112686
0.992 0.111414
0.993 0.110162
0.994 0.108929
0.995 0.107717
0.996 0.106525
0.997 0.105353
0.998 0.104201
0.999 0.103069
