-5.81229 328.728
-5.69352 327.774
-5.57475 328.146
-5.45598 327.95
-5.33721 328.958
-5.21844 326.999
-5.09967 328.673
-4.9809 327.96
-4.86213 328.398
-4.74336 327.963
-4.62459 328.125
-4.50582 327.968
-4.38705 327.939
-4.26828 328.337
-4.14951 327.857
-4.03074 328.277
-3.91197 327.768
-3.7932 328.333
-3.67443 327.733
-3.55566 328.519
-3.43689 327.764
-3.31812 328.857
-3.19935 328.25
-3.08058 327.27
-2.96181 326.89
-2.84304 329.124
-2.72427 339.983
-2.6055 358.516
-2.48673 385.872
-2.36796 418.237
-2.24919 426.599
-2.13042 414.947
-2.01165 406.078
-1.89288 399.621
-1.77411 379.111
-1.65534 349.836
-1.53657 341.518
-1.4178 346.68
-1.29903 352.143
-1.18026 351.089
-1.06149 350.709
-0.94272 350.646
-0.82395 342.71
-0.70518 325.7
-0.58641 305.808
-0.46764 291.309
-0.34887 284.176
-0.2301 271.305
-0.11133 237.117
0.00744 202.096
0.12621 201.847
0.24498 238.48
0.36375 274.059
0.48252 288.78
0.60129 295.777
0.72006 308.495
0.83883 327.043
0.9576 342.604
1.07637 350.11
1.19514 351.182
1.31391 350.515
1.43268 350.369
1.55145 345.834
1.67022 342.116
1.78899 351.582
1.90776 377.68
2.02653 401.166
2.1453 406.594
2.26407 412.329
2.38284 423.755
2.50161 414.224
2.62038 387.421
2.73915 358.304
2.85792 340.033
2.97669 329.806
3.09546 327.159
3.21423 327.216
3.333 328.469
3.45177 327.886
3.57054 327.565
3.68931 328.575
3.80808 328.035
3.92685 328.054
4.04562 327.903
4.16442 328.302
4.28312 327.639
4.40192 328.318
4.52072 327.999
4.63942 327.386
4.75822 329.457
4.87702 326.924
4.99582 328.236
5.11452 327.594
5.23332 328.209
5.35212 328.086
5.47082 328.435
5.58962 327.646
5.70842 328.096
5.82712 327.766
5.94592 327.804
