0 1.33764
0.001 1.33705
0.002 1.33527
0.003 1.3323
0.004 1.32814
0.005 1.32281
0.006 1.31629
0.007 1.3086
0.008 1.29974
0.009 1.28972
0.01 1.27853
0.011 1.26619
0.012 1.2527
0.013 1.23808
0.014 1.22232
0.015 1.20545
0.016 1.18746
0.017 1.16838
0.018 1.1482
0.019 1.12695
0.02 1.10463
0.021 1.08125
0.022 1.05684
0.023 1.0314
0.024 1.00496
0.025 0.977512
0.026 0.949088
0.027 0.9197
0.028 0.889366
0.029 0.858101
0.03 0.825923
0.031 0.792852
0.032 0.758904
0.033 0.7241
0.034 0.688458
0.035 0.651999
0.036 0.614743
0.037 0.576711
0.038 0.537922
0.039 0.4984
0.04 0.458165
0.041 0.417239
0.042 0.375645
0.043 0.333405
0.044 0.290542
0.045 0.24708
0.046 0.203042
0.047 0.15845
0.048 0.11333
0.049 0.0677042
0.05 0.0215978
0.051 0.024965
0.052 0.0719599
0.053 0.119362
0.054 0.167147
0.055 0.215291
0.056 0.263767
0.057 0.312551
0.058 0.361618
0.059 0.410943
0.06 0.460501
0.061 0.510266
0.062 0.560214
0.063 0.61032
0.064 0.660558
0.065 0.710903
0.066 0.761331
0.067 0.811816
0.068 0.862334
0.069 0.912859
0.07 0.963368
0.071 1.01384
0.072 1.06424
0.073 1.11455
0.074 1.16475
0.075 1.2148
0.076 1.2647
0.077 1.31441
0.078 1.36392
0.079 1.41319
0.08 1.4622
0.081 1.51094
0.082 1.55937
0.083 1.60748
0.084 1.65525
0.085 1.70265
0.086 1.74966
0.087 1.79626
0.088 1.84243
0.089 1.88815
0.09 1.93339
0.091 1.97815
0.092 2.02238
0.093 2.06609
0.094 2.10925
0.095 2.15183
0.096 2.19383
0.097 2.23521
0.098 2.27598
0.099 2.3161
0.1 2.35555
0.101 2.39434
0.102 2.43242
0.103 2.4698
0.104 2.50645
0.105 2.54236
0.106 2.57751
0.107 2.6119
0.108 2.64549
0.109 2.67829
0.11 2.71028
0.111 2.74143
0.112 2.77175
0.113 2.80122
0.114 2.82983
0.115 2.85756
0.116 2.88441
0.117 2.91036
0.118 2.93541
0.119 2.95954
0.12 2.98274
0.121 3.00501
0.122 3.02634
0.123 3.04672
0.124 3.06614
0.125 3.0846
0.126 3.10209
0.127 3.1186
0.128 3.13412
0.129 3.14866
0.13 3.16221
0.131 3.17476
0.132 3.18631
0.133 3.19685
0.134 3.20639
0.135 3.21492
0.136 3.22245
0.137 3.22895
0.138 3.23445
0.139 3.23894
0.14 3.24241
0.141 3.24487
0.142 3.24632
0.143 3.24676
0.144 3.24619
0.145 3.24462
0.146 3.24205
0.147 3.23848
0.148 3.23392
0.149 3.22837
0.15 3.22183
0.151 3.21432
0.152 3.20584
0.153 3.19639
0.154 3.18599
0.155 3.17463
0.156 3.16233
0.157 3.1491
0.158 3.13495
0.159 3.11988
0.16 3.10391
0.161 3.08704
0.162 3.06929
0.163 3.05066
0.164 3.03118
0.165 3.01085
0.166 2.98968
0.167 2.96769
0.168 2.94489
0.169 2.9213
0.17 2.89693
0.171 2.87179
0.172 2.84591
0.173 2.81928
0.174 2.79194
0.175 2.7639
0.176 2.73517
0.177 2.70577
0.178 2.67572
0.179 2.64504
0.18 2.61374
0.181 2.58185
0.182 2.54937
0.183 2.51634
0.184 2.48276
0.185 2.44867
0.186 2.41407
0.187 2.37899
0.188 2.34345
0.189 2.30746
0.19 2.27106
0.191 2.23426
0.192 2.19707
0.193 2.15953
0.194 2.12165
0.195 2.08346
0.196 2.04497
0.197 2.00621
0.198 1.9672
0.199 1.92796
0.2 1.88851
0.201 1.84887
0.202 1.80907
0.203 1.76913
0.204 1.72907
0.205 1.68891
0.206 1.64867
0.207 1.60837
0.208 1.56805
0.209 1.52771
0.21 1.48738
0.211 1.44708
0.212 1.40683
0.213 1.36665
0.214 1.32657
0.215 1.28661
0.216 1.24678
0.217 1.2071
0.218 1.16761
0.219 1.12831
0.22 1.08923
0.221 1.05038
0.222 1.01179
0.223 0.973472
0.224 0.93545
0.225 0.897741
0.226 0.860362
0.227 0.823333
0.228 0.78667
0.229 0.750392
0.23 0.714514
0.231 0.679055
0.232 0.64403
0.233 0.609456
0.234 0.575349
0.235 0.541723
0.236 0.508594
0.237 0.475976
0.238 0.443883
0.239 0.412331
0.24 0.381331
0.241 0.350896
0.242 0.321041
0.243 0.291776
0.244 0.263114
0.245 0.235065
0.246 0.207641
0.247 0.180853
0.248 0.15471
0.249 0.129222
0.25 0.104398
0.251 0.0802475
0.252 0.0567782
0.253 0.033998
0.254 0.0119144
0.255 0.00946555
0.256 0.0301353
0.257 0.0500889
0.258 0.0693206
0.259 0.0878252
0.26 0.105598
0.261 0.122635
0.262 0.138931
0.263 0.154484
0.264 0.169291
0.265 0.183349
0.266 0.196655
0.267 0.209209
0.268 0.221009
0.269 0.232054
0.27 0.242344
0.271 0.251878
0.272 0.260658
0.273 0.268684
0.274 0.275957
0.275 0.28248
0.276 0.288253
0.277 0.29328
0.278 0.297564
0.279 0.301107
0.28 0.303914
0.281 0.305988
0.282 0.307335
0.283 0.307958
0.284 0.307862
0.285 0.307054
0.286 0.30554
0.287 0.303325
0.288 0.300415
0.289 0.296819
0.29 0.292543
0.291 0.287594
0.292 0.281982
0.293 0.275713
0.294 0.268796
0.295 0.261241
0.296 0.253056
0.297 0.244251
0.298 0.234835
0.299 0.224818
0.3 0.214212
0.301 0.203025
0.302 0.19127
0.303 0.178957
0.304 0.166097
0.305 0.152702
0.306 0.138784
0.307 0.124355
0.308 0.109426
0.309 0.0940112
0.31 0.0781224
0.311 0.0617726
0.312 0.0449747
0.313 0.0277422
0.314 0.0100884
0.315 0.00797311
0.316 0.0264285
0.317 0.0452639
0.318 0.0644652
0.319 0.0840182
0.32 0.103908
0.321 0.124121
0.322 0.144643
0.323 0.165457
0.324 0.186551
0.325 0.207907
0.326 0.229513
0.327 0.251352
0.328 0.273409
0.329 0.29567
0.33 0.318118
0.331 0.340738
0.332 0.363516
0.333 0.386434
0.334 0.409479
0.335 0.432635
0.336 0.455885
0.337 0.479215
0.338 0.502609
0.339 0.526051
0.34 0.549526
0.341 0.573019
0.342 0.596514
0.343 0.619996
0.344 0.64345
0.345 0.66686
0.346 0.690211
0.347 0.713488
0.348 0.736677
0.349 0.759762
0.35 0.782729
0.351 0.805562
0.352 0.828249
0.353 0.850773
0.354 0.873121
0.355 0.895279
0.356 0.917233
0.357 0.93897
0.358 0.960475
0.359 0.981735
0.36 1.00274
0.361 1.02347
0.362 1.04392
0.363 1.06407
0.364 1.08391
0.365 1.10344
0.366 1.12263
0.367 1.14147
0.368 1.15996
0.369 1.17809
0.37 1.19584
0.371 1.2132
0.372 1.23016
0.373 1.24671
0.374 1.26285
0.375 1.27856
0.376 1.29383
0.377 1.30866
0.378 1.32303
0.379 1.33695
0.38 1.35039
0.381 1.36336
0.382 1.37584
0.383 1.38783
0.384 1.39933
0.385 1.41032
0.386 1.4208
0.387 1.43077
0.388 1.44021
0.389 1.44914
0.39 1.45753
0.391 1.46539
0.392 1.47272
0.393 1.4795
0.394 1.48574
0.395 1.49144
0.396 1.49658
0.397 1.50118
0.398 1.50523
0.399 1.50872
0.4 1.51166
0.401 1.51405
0.402 1.51588
0.403 1.51716
0.404 1.51788
0.405 1.51805
0.406 1.51767
0.407 1.51674
0.408 1.51527
0.409 1.51324
0.41 1.51068
0.411 1.50757
0.412 1.50393
0.413 1.49976
0.414 1.49505
0.415 1.48982
0.416 1.48407
0.417 1.4778
0.418 1.47102
0.419 1.46374
0.42 1.45595
0.421 1.44768
0.422 1.43891
0.423 1.42966
0.424 1.41994
0.425 1.40974
0.426 1.39909
0.427 1.38798
0.428 1.37643
0.429 1.36444
0.43 1.35202
0.431 1.33917
0.432 1.32592
0.433 1.31226
0.434 1.2982
0.435 1.28375
0.436 1.26893
0.437 1.25374
0.438 1.23819
0.439 1.22229
0.44 1.20604
0.441 1.18947
0.442 1.17258
0.443 1.15539
0.444 1.13789
0.445 1.1201
0.446 1.10203
0.447 1.0837
0.448 1.0651
0.449 1.04626
0.45 1.02719
0.451 1.00789
0.452 0.988375
0.453 0.968657
0.454 0.948747
0.455 0.928655
0.456 0.908393
0.457 0.887972
0.458 0.867402
0.459 0.846695
0.46 0.825862
0.461 0.804914
0.462 0.783861
0.463 0.762716
0.464 0.741489
0.465 0.72019
0.466 0.698832
0.467 0.677424
0.468 0.655977
0.469 0.634504
0.47 0.613013
0.471 0.591516
0.472 0.570023
0.473 0.548546
0.474 0.527094
0.475 0.505677
0.476 0.484307
0.477 0.462993
0.478 0.441745
0.479 0.420574
0.48 0.399489
0.481 0.3785
0.482 0.357617
0.483 0.336849
0.484 0.316205
0.485 0.295696
0.486 0.27533
0.487 0.255116
0.488 0.235063
0.489 0.21518
0.49 0.195476
0.491 0.175959
0.492 0.156637
0.493 0.137518
0.494 0.118611
0.495 0.0999236
0.496 0.0814631
0.497 0.0632373
0.498 0.0452535
0.499 0.0275189
0.5 0.0100404
0.501 0.00717494
0.502 0.0241206
0.503 0.0407901
0.504 0.057177
0.505 0.0732754
0.506 0.0890792
0.507 0.104583
0.508 0.119781
0.509 0.134667
0.51 0.149238
0.511 0.163487
0.512 0.17741
0.513 0.191002
0.514 0.20426
0.515 0.217179
0.516 0.229754
0.517 0.241983
0.518 0.253862
0.519 0.265388
0.52 0.276556
0.521 0.287366
0.522 0.297813
0.523 0.307896
0.524 0.317612
0.525 0.326959
0.526 0.335936
0.527 0.344541
0.528 0.352772
0.529 0.360628
0.53 0.368109
0.531 0.375214
0.532 0.381942
0.533 0.388293
0.534 0.394267
0.535 0.399864
0.536 0.405084
0.537 0.409929
0.538 0.414398
0.539 0.418493
0.54 0.422216
0.541 0.425567
0.542 0.428548
0.543 0.431162
0.544 0.433409
0.545 0.435294
0.546 0.436817
0.547 0.437981
0.548 0.43879
0.549 0.439247
0.55 0.439354
0.551 0.439116
0.552 0.438535
0.553 0.437616
0.554 0.436363
0.555 0.434779
0.556 0.43287
0.557 0.430639
0.558 0.428091
0.559 0.425232
0.56 0.422065
0.561 0.418597
0.562 0.414833
0.563 0.410777
0.564 0.406436
0.565 0.401815
0.566 0.396921
0.567 0.391758
0.568 0.386333
0.569 0.380653
0.57 0.374723
0.571 0.368551
0.572 0.362141
0.573 0.355502
0.574 0.34864
0.575 0.341562
0.576 0.334274
0.577 0.326783
0.578 0.319096
0.579 0.311222
0.58 0.303165
0.581 0.294934
0.582 0.286537
0.583 0.277979
0.584 0.269269
0.585 0.260413
0.586 0.25142
0.587 0.242296
0.588 0.233048
0.589 0.223685
0.59 0.214213
0.591 0.20464
0.592 0.194973
0.593 0.18522
0.594 0.175387
0.595 0.165482
0.596 0.155512
0.597 0.145485
0.598 0.135407
0.599 0.125286
0.6 0.115128
0.601 0.104941
0.602 0.0947321
0.603 0.0845071
0.604 0.0742734
0.605 0.0640375
0.606 0.0538061
0.607 0.0435858
0.608 0.0333829
0.609 0.0232039
0.61 0.013055
0.611 0.00294238
0.612 0.00712798
0.613 0.0171501
0.614 0.0271181
0.615 0.0370263
0.616 0.0468691
0.617 0.056641
0.618 0.0663367
0.619 0.0759508
0.62 0.0854783
0.621 0.0949142
0.622 0.104254
0.623 0.113492
0.624 0.122624
0.625 0.131647
0.626 0.140554
0.627 0.149343
0.628 0.158009
0.629 0.166549
0.63 0.174957
0.631 0.183232
0.632 0.191369
0.633 0.199366
0.634 0.207218
0.635 0.214923
0.636 0.222478
0.637 0.22988
0.638 0.237127
0.639 0.244215
0.64 0.251143
0.641 0.257909
0.642 0.26451
0.643 0.270945
0.644 0.277211
0.645 0.283308
0.646 0.289232
0.647 0.294984
0.648 0.300562
0.649 0.305965
0.65 0.311191
0.651 0.316241
0.652 0.321112
0.653 0.325806
0.654 0.33032
0.655 0.334655
0.656 0.338811
0.657 0.342788
0.658 0.346584
0.659 0.350202
0.66 0.35364
0.661 0.3569
0.662 0.359981
0.663 0.362885
0.664 0.365611
0.665 0.368162
0.666 0.370537
0.667 0.372737
0.668 0.374765
0.669 0.37662
0.67 0.378305
0.671 0.37982
0.672 0.381167
0.673 0.382348
0.674 0.383364
0.675 0.384217
0.676 0.384909
0.677 0.385442
0.678 0.385817
0.679 0.386037
0.68 0.386104
0.681 0.38602
0.682 0.385788
0.683 0.385408
0.684 0.384885
0.685 0.38422
0.686 0.383417
0.687 0.382477
0.688 0.381403
0.689 0.380197
0.69 0.378864
0.691 0.377405
0.692 0.375823
0.693 0.374121
0.694 0.372303
0.695 0.37037
0.696 0.368327
0.697 0.366175
0.698 0.363919
0.699 0.361561
0.7 0.359105
0.701 0.356553
0.702 0.35391
0.703 0.351177
0.704 0.348359
0.705 0.345459
0.706 0.34248
0.707 0.339425
0.708 0.336298
0.709 0.333102
0.71 0.329841
0.711 0.326518
0.712 0.323136
0.713 0.319698
0.714 0.316209
0.715 0.312671
0.716 0.309089
0.717 0.305465
0.718 0.301802
0.719 0.298105
0.72 0.294377
0.721 0.29062
0.722 0.286839
0.723 0.283037
0.724 0.279217
0.725 0.275382
0.726 0.271536
0.727 0.267682
0.728 0.263823
0.729 0.259963
0.73 0.256105
0.731 0.252252
0.732 0.248406
0.733 0.244572
0.734 0.240753
0.735 0.23695
0.736 0.233168
0.737 0.229409
0.738 0.225677
0.739 0.221973
0.74 0.218301
0.741 0.214664
0.742 0.211065
0.743 0.207505
0.744 0.203988
0.745 0.200517
0.746 0.197093
0.747 0.193719
0.748 0.190397
0.749 0.187131
0.75 0.183921
0.751 0.180771
0.752 0.177682
0.753 0.174656
0.754 0.171696
0.755 0.168802
0.756 0.165978
0.757 0.163225
0.758 0.160544
0.759 0.157937
0.76 0.155406
0.761 0.152952
0.762 0.150576
0.763 0.14828
0.764 0.146065
0.765 0.143931
0.766 0.141881
0.767 0.139915
0.768 0.138033
0.769 0.136237
0.77 0.134528
0.771 0.132905
0.772 0.13137
0.773 0.129923
0.774 0.128564
0.775 0.127294
0.776 0.126113
0.777 0.12502
0.778 0.124017
0.779 0.123102
0.78 0.122277
0.781 0.12154
0.782 0.120891
0.783 0.120331
0.784 0.119858
0.785 0.119472
0.786 0.119172
0.787 0.118959
0.788 0.11883
0.789 0.118786
0.79 0.118825
0.791 0.118946
0.792 0.119149
0.793 0.119432
0.794 0.119794
0.795 0.120234
0.796 0.120751
0.797 0.121343
0.798 0.122009
0.799 0.122748
0.8 0.123557
0.801 0.124435
0.802 0.125382
0.803 0.126394
0.804 0.12747
0.805 0.128609
0.806 0.129809
0.807 0.131068
0.808 0.132383
0.809 0.133754
0.81 0.135177
0.811 0.136652
0.812 0.138175
0.813 0.139746
0.814 0.141361
0.815 0.143019
0.816 0.144717
0.817 0.146454
0.818 0.148227
0.819 0.150034
0.82 0.151872
0.821 0.15374
0.822 0.155636
0.823 0.157556
0.824 0.159499
0.825 0.161462
0.826 0.163444
0.827 0.165442
0.828 0.167453
0.829 0.169476
0.83 0.171507
0.831 0.173546
0.832 0.175589
0.833 0.177635
0.834 0.179681
0.835 0.181725
0.836 0.183764
0.837 0.185798
0.838 0.187822
0.839 0.189836
0.84 0.191838
0.841 0.193824
0.842 0.195794
0.843 0.197745
0.844 0.199675
0.845 0.201582
0.846 0.203465
0.847 0.205321
0.848 0.207148
0.849 0.208945
0.85 0.21071
0.851 0.212441
0.852 0.214137
0.853 0.215795
0.854 0.217415
0.855 0.218994
0.856 0.220532
0.857 0.222026
0.858 0.223475
0.859 0.224878
0.86 0.226233
0.861 0.22754
0.862 0.228797
0.863 0.230002
0.864 0.231156
0.865 0.232255
0.866 0.2333
0.867 0.23429
0.868 0.235223
0.869 0.236099
0.87 0.236917
0.871 0.237676
0.872 0.238376
0.873 0.239015
0.874 0.239594
0.875 0.240111
0.876 0.240566
0.877 0.240959
0.878 0.24129
0.879 0.241557
0.88 0.241761
0.881 0.241901
0.882 0.241978
0.883 0.241991
0.884 0.241941
0.885 0.241826
0.886 0.241648
0.887 0.241406
0.888 0.2411
0.889 0.240731
0.89 0.240299
0.891 0.239805
0.892 0.239248
0.893 0.238629
0.894 0.237948
0.895 0.237207
0.896 0.236405
0.897 0.235543
0.898 0.234622
0.899 0.233642
0.9 0.232604
0.901 0.23151
0.902 0.230359
0.903 0.229153
0.904 0.227893
0.905 0.226579
0.906 0.225212
0.907 0.223794
0.908 0.222325
0.909 0.220807
0.91 0.219241
0.911 0.217628
0.912 0.215968
0.913 0.214264
0.914 0.212516
0.915 0.210726
0.916 0.208895
0.917 0.207024
0.918 0.205115
0.919 0.203169
0.92 0.201187
0.921 0.199171
0.922 0.197122
0.923 0.195042
0.924 0.192932
0.925 0.190793
0.926 0.188627
0.927 0.186436
0.928 0.18422
0.929 0.181982
0.93 0.179723
0.931 0.177444
0.932 0.175147
0.933 0.172833
0.934 0.170504
0.935 0.168162
0.936 0.165807
0.937 0.163442
0.938 0.161068
0.939 0.158687
0.94 0.156299
0.941 0.153906
0.942 0.151511
0.943 0.149114
0.944 0.146716
0.945 0.14432
0.946 0.141926
0.947 0.139536
0.948 0.137152
0.949 0.134775
0.95 0.132406
0.951 0.130046
0.952 0.127697
0.953 0.125361
0.954 0.123038
0.955 0.12073
0.956 0.118437
0.957 0.116162
0.958 0.113906
0.959 0.111669
0.96 0.109452
0.961 0.107258
0.962 0.105087
0.963 0.10294
0.964 0.100818
0.965 0.0987225
0.966 0.0966542
0.967 0.0946142
0.968 0.0926035
0.969 0.090623
0.97 0.0886736
0.971 0.0867563
0.972 0.0848718
0.973 0.0830211
0.974 0.0812049
0.975 0.0794242
0.976 0.0776795
0.977 0.0759717
0.978 0.0743016
0.979 0.0726697
0.98 0.0710769
0.981 0.0695236
0.982 0.0680107
0.983 0.0665385
0.984 0.0651079
0.985 0.0637192
0.986 0.0623731
0.987 0.0610701
0.988 0.0598106
0.989 0.0585952
0.99 0.0574242
0.991 0.0562981
0.992 0.0552173
0.993 0.0541823
0.994 0.0531933
0.995 0.0522507
0.996 0.0513549
0.997 0.0505062
0.998 0.0497048
0.999 0.048951
