#density :K+ sd(:K+) :Cl- sd(:Cl-)
  -69.8750      0.000    0.00000      0.000    0.00000
  -69.6250      0.000    0.00002      0.000    0.00000
  -69.3750      0.000    0.00003      0.000    0.00000
  -69.1250      0.000    0.00000      0.000    0.00000
  -68.8750      0.000    0.00002      0.000    0.00000
  -68.6250      0.000    0.00002      0.000    0.00000
  -68.3750      0.000    0.00004      0.000    0.00000
  -68.1250      0.000    0.00003      0.000    0.00000
  -67.8750      0.000    0.00006      0.000    0.00000
  -67.6250      0.000    0.00006      0.000    0.00000
  -67.3750      0.000    0.00005      0.000    0.00000
  -67.1250      0.000    0.00007      0.000    0.00000
  -66.8750      0.000    0.00008      0.000    0.00000
  -66.6250      0.000    0.00007      0.000    0.00000
  -66.3750      0.000    0.00011      0.000    0.00000
  -66.1250      0.000    0.00010      0.000    0.00000
  -65.8750      0.000    0.00010      0.000    0.00000
  -65.6250      0.000    0.00011      0.000    0.00000
  -65.3750      0.000    0.00011      0.000    0.00000
  -65.1250      0.000    0.00015      0.000    0.00000
  -64.8750      0.000    0.00015      0.000    0.00000
  -64.6250      0.000    0.00016      0.000    0.00000
  -64.3750      0.000    0.00018      0.000    0.00000
  -64.1250      0.000    0.00019      0.000    0.00000
  -63.8750      0.000    0.00022      0.000    0.00000
  -63.6250      0.000    0.00024      0.000    0.00000
  -63.3750      0.000    0.00026      0.000    0.00000
  -63.1250      0.000    0.00029      0.000    0.00004
  -62.8750      0.000    0.00030      0.000    0.00003
  -62.6250      0.000    0.00034      0.000    0.00000
  -62.3750      0.000    0.00035      0.000    0.00003
  -62.1250      0.000    0.00037      0.000    0.00003
  -61.8750      0.000    0.00042      0.000    0.00006
  -61.6250      0.000    0.00048      0.000    0.00005
  -61.3750      0.000    0.00048      0.000    0.00006
  -61.1250      0.000    0.00053      0.000    0.00009
  -60.8750      0.000    0.00056      0.000    0.00008
  -60.6250      0.000    0.00059      0.000    0.00009
  -60.3750      0.000    0.00063      0.000    0.00010
  -60.1250      0.000    0.00066      0.000    0.00013
  -59.8750      0.001    0.00072      0.000    0.00015
  -59.6250      0.001    0.00072      0.000    0.00017
  -59.3750      0.001    0.00077      0.000    0.00020
  -59.1250      0.001    0.00082      0.000    0.00021
  -58.8750      0.001    0.00087      0.000    0.00024
  -58.6250      0.001    0.00089      0.000    0.00027
  -58.3750      0.001    0.00096      0.000    0.00032
  -58.1250      0.001    0.00100      0.000    0.00034
  -57.8750      0.001    0.00103      0.000    0.00038
  -57.6250      0.001    0.00109      0.000    0.00041
  -57.3750      0.001    0.00115      0.000    0.00046
  -57.1250      0.001    0.00120      0.000    0.00052
  -56.8750      0.002    0.00125      0.000    0.00056
  -56.6250      0.002    0.00134      0.000    0.00062
  -56.3750      0.002    0.00138      0.000    0.00068
  -56.1250      0.002    0.00145      0.001    0.00073
  -55.8750      0.002    0.00151      0.001    0.00079
  -55.6250      0.003    0.00159      0.001    0.00086
  -55.3750      0.003    0.00164      0.001    0.00093
  -55.1250      0.003    0.00172      0.001    0.00104
  -54.8750      0.003    0.00181      0.001    0.00111
  -54.6250      0.004    0.00186      0.001    0.00120
  -54.3750      0.004    0.00194      0.002    0.00129
  -54.1250      0.004    0.00201      0.002    0.00138
  -53.8750      0.005    0.00212      0.002    0.00148
  -53.6250      0.005    0.00218      0.002    0.00157
  -53.3750      0.005    0.00224      0.003    0.00167
  -53.1250      0.006    0.00234      0.003    0.00175
  -52.8750      0.006    0.00242      0.004    0.00188
  -52.6250      0.006    0.00249      0.004    0.00199
  -52.3750      0.007    0.00255      0.004    0.00211
  -52.1250      0.007    0.00267      0.005    0.00216
  -51.8750      0.008    0.00275      0.005    0.00230
  -51.6250      0.008    0.00279      0.006    0.00236
  -51.3750      0.008    0.00283      0.006    0.00248
  -51.1250      0.009    0.00294      0.007    0.00262
  -50.8750      0.009    0.00302      0.007    0.00266
  -50.6250      0.010    0.00307      0.008    0.00276
  -50.3750      0.010    0.00312      0.008    0.00284
  -50.1250      0.010    0.00316      0.009    0.00292
  -49.8750      0.011    0.00321      0.009    0.00298
  -49.6250      0.011    0.00326      0.010    0.00304
  -49.3750      0.011    0.00336      0.010    0.00311
  -49.1250      0.012    0.00336      0.010    0.00317
  -48.8750      0.012    0.00345      0.011    0.00324
  -48.6250      0.012    0.00343      0.011    0.00329
  -48.3750      0.013    0.00348      0.012    0.00337
  -48.1250      0.013    0.00354      0.012    0.00341
  -47.8750      0.013    0.00358      0.012    0.00345
  -47.6250      0.013    0.00356      0.013    0.00352
  -47.3750      0.014    0.00362      0.013    0.00350
  -47.1250      0.014    0.00364      0.013    0.00355
  -46.8750      0.014    0.00365      0.013    0.00358
  -46.6250      0.014    0.00367      0.014    0.00363
  -46.3750      0.014    0.00369      0.014    0.00369
  -46.1250      0.014    0.00372      0.014    0.00366
  -45.8750      0.014    0.00371      0.014    0.00373
  -45.6250      0.015    0.00375      0.014    0.00374
  -45.3750      0.015    0.00380      0.015    0.00376
  -45.1250      0.015    0.00377      0.015    0.00377
  -44.8750      0.015    0.00377      0.015    0.00379
  -44.6250      0.015    0.00380      0.015    0.00377
  -44.3750      0.015    0.00382      0.015    0.00379
  -44.1250      0.015    0.00383      0.015    0.00382
  -43.8750      0.015    0.00384      0.015    0.00383
  -43.6250      0.015    0.00385      0.015    0.00384
  -43.3750      0.015    0.00384      0.015    0.00385
  -43.1250      0.015    0.00386      0.015    0.00385
  -42.8750      0.016    0.00386      0.015    0.00382
  -42.6250      0.016    0.00388      0.016    0.00387
  -42.3750      0.016    0.00389      0.015    0.00384
  -42.1250      0.016    0.00388      0.015    0.00385
  -41.8750      0.016    0.00387      0.016    0.00386
  -41.6250      0.016    0.00389      0.016    0.00387
  -41.3750      0.016    0.00391      0.016    0.00387
  -41.1250      0.016    0.00391      0.016    0.00386
  -40.8750      0.016    0.00388      0.016    0.00388
  -40.6250      0.016    0.00393      0.016    0.00388
  -40.3750      0.016    0.00392      0.016    0.00388
  -40.1250      0.016    0.00392      0.016    0.00391
  -39.8750      0.016    0.00393      0.016    0.00390
  -39.6250      0.016    0.00392      0.016    0.00391
  -39.3750      0.016    0.00392      0.016    0.00389
  -39.1250      0.016    0.00396      0.016    0.00386
  -38.8750      0.016    0.00393      0.016    0.00388
  -38.6250      0.016    0.00391      0.016    0.00394
  -38.3750      0.016    0.00387      0.016    0.00390
  -38.1250      0.016    0.00393      0.016    0.00391
  -37.8750      0.016    0.00390      0.016    0.00391
  -37.6250      0.016    0.00392      0.016    0.00389
  -37.3750      0.016    0.00393      0.016    0.00391
  -37.1250      0.016    0.00394      0.016    0.00390
  -36.8750      0.016    0.00392      0.016    0.00392
  -36.6250      0.016    0.00392      0.016    0.00391
  -36.3750      0.016    0.00394      0.016    0.00391
  -36.1250      0.016    0.00392      0.016    0.00389
  -35.8750      0.016    0.00394      0.016    0.00390
  -35.6250      0.016    0.00392      0.016    0.00390
  -35.3750      0.016    0.00393      0.016    0.00392
  -35.1250      0.016    0.00388      0.016    0.00393
  -34.8750      0.016    0.00393      0.016    0.00389
  -34.6250      0.016    0.00390      0.016    0.00389
  -34.3750      0.016    0.00390      0.016    0.00390
  -34.1250      0.016    0.00391      0.016    0.00392
  -33.8750      0.016    0.00392      0.016    0.00390
  -33.6250      0.016    0.00393      0.016    0.00388
  -33.3750      0.016    0.00392      0.016    0.00385
  -33.1250      0.016    0.00390      0.016    0.00390
  -32.8750      0.016    0.00392      0.016    0.00387
  -32.6250      0.016    0.00390      0.015    0.00386
  -32.3750      0.016    0.00387      0.015    0.00385
  -32.1250      0.016    0.00387      0.015    0.00385
  -31.8750      0.016    0.00387      0.015    0.00385
  -31.6250      0.015    0.00387      0.015    0.00386
  -31.3750      0.016    0.00385      0.015    0.00384
  -31.1250      0.015    0.00383      0.015    0.00380
  -30.8750      0.015    0.00384      0.015    0.00380
  -30.6250      0.015    0.00383      0.015    0.00380
  -30.3750      0.015    0.00382      0.015    0.00376
  -30.1250      0.015    0.00377      0.014    0.00373
  -29.8750      0.015    0.00380      0.014    0.00374
  -29.6250      0.015    0.00376      0.014    0.00373
  -29.3750      0.015    0.00375      0.014    0.00370
  -29.1250      0.014    0.00374      0.014    0.00367
  -28.8750      0.014    0.00370      0.014    0.00364
  -28.6250      0.014    0.00369      0.014    0.00363
  -28.3750      0.014    0.00367      0.013    0.00362
  -28.1250      0.014    0.00366      0.013    0.00353
  -27.8750      0.013    0.00360      0.013    0.00352
  -27.6250      0.013    0.00359      0.012    0.00345
  -27.3750      0.013    0.00355      0.012    0.00343
  -27.1250      0.013    0.00355      0.012    0.00334
  -26.8750      0.013    0.00346      0.011    0.00328
  -26.6250      0.012    0.00341      0.011    0.00324
  -26.3750      0.012    0.00340      0.010    0.00315
  -26.1250      0.011    0.00332      0.010    0.00307
  -25.8750      0.011    0.00330      0.009    0.00304
  -25.6250      0.011    0.00321      0.009    0.00296
  -25.3750      0.010    0.00317      0.008    0.00284
  -25.1250      0.010    0.00312      0.008    0.00276
  -24.8750      0.010    0.00305      0.007    0.00267
  -24.6250      0.009    0.00300      0.007    0.00258
  -24.3750      0.009    0.00292      0.006    0.00251
  -24.1250      0.008    0.00286      0.006    0.00239
  -23.8750      0.008    0.00276      0.005    0.00229
  -23.6250      0.008    0.00270      0.005    0.00219
  -23.3750      0.007    0.00263      0.004    0.00208
  -23.1250      0.007    0.00256      0.004    0.00197
  -22.8750      0.006    0.00249      0.004    0.00188
  -22.6250      0.006    0.00239      0.003    0.00175
  -22.3750      0.006    0.00231      0.003    0.00165
  -22.1250      0.005    0.00224      0.002    0.00155
  -21.8750      0.005    0.00213      0.002    0.00145
  -21.6250      0.004    0.00206      0.002    0.00135
  -21.3750      0.004    0.00202      0.002    0.00123
  -21.1250      0.004    0.00191      0.001    0.00116
  -20.8750      0.004    0.00185      0.001    0.00105
  -20.6250      0.003    0.00175      0.001    0.00099
  -20.3750      0.003    0.00168      0.001    0.00089
  -20.1250      0.003    0.00159      0.001    0.00083
  -19.8750      0.002    0.00153      0.001    0.00075
  -19.6250      0.002    0.00147      0.000    0.00069
  -19.3750      0.002    0.00141      0.000    0.00063
  -19.1250      0.002    0.00135      0.000    0.00058
  -18.8750      0.002    0.00129      0.000    0.00052
  -18.6250      0.002    0.00123      0.000    0.00047
  -18.3750      0.001    0.00117      0.000    0.00042
  -18.1250      0.001    0.00113      0.000    0.00036
  -17.8750      0.001    0.00106      0.000    0.00031
  -17.6250      0.001    0.00104      0.000    0.00030
  -17.3750      0.001    0.00100      0.000    0.00027
  -17.1250      0.001    0.00095      0.000    0.00023
  -16.8750      0.001    0.00092      0.000    0.00021
  -16.6250      0.001    0.00089      0.000    0.00020
  -16.3750      0.001    0.00085      0.000    0.00017
  -16.1250      0.001    0.00082      0.000    0.00016
  -15.8750      0.001    0.00077      0.000    0.00014
  -15.6250      0.001    0.00074      0.000    0.00013
  -15.3750      0.001    0.00073      0.000    0.00010
  -15.1250      0.000    0.00067      0.000    0.00009
  -14.8750      0.000    0.00063      0.000    0.00009
  -14.6250      0.000    0.00060      0.000    0.00007
  -14.3750      0.000    0.00053      0.000    0.00006
  -14.1250      0.000    0.00049      0.000    0.00005
  -13.8750      0.000    0.00046      0.000    0.00007
  -13.6250      0.000    0.00042      0.000    0.00004
  -13.3750      0.000    0.00038      0.000    0.00004
  -13.1250      0.000    0.00036      0.000    0.00004
  -12.8750      0.000    0.00033      0.000    0.00004
  -12.6250      0.000    0.00028      0.000    0.00002
  -12.3750      0.000    0.00025      0.000    0.00002
  -12.1250      0.000    0.00023      0.000    0.00000
  -11.8750      0.000    0.00020      0.000    0.00000
  -11.6250      0.000    0.00019      0.000    0.00003
  -11.3750      0.000    0.00014      0.000    0.00000
  -11.1250      0.000    0.00011      0.000    0.00000
  -10.8750      0.000    0.00010      0.000    0.00000
  -10.6250      0.000    0.00008      0.000    0.00000
  -10.3750      0.000    0.00008      0.000    0.00000
  -10.1250      0.000    0.00007      0.000    0.00000
   -9.8750      0.000    0.00002      0.000    0.00000
   -9.6250      0.000    0.00003      0.000    0.00000
   -9.3750      0.000    0.00002      0.000    0.00000
   -9.1250      0.000    0.00000      0.000    0.00000
   -8.8750      0.000    0.00000      0.000    0.00000
   -8.6250      0.000    0.00000      0.000    0.00000
   -8.3750      0.000    0.00000      0.000    0.00000
   -8.1250      0.000    0.00000      0.000    0.00000
   -7.8750      0.000    0.00000      0.000    0.00000
   -7.6250      0.000    0.00000      0.000    0.00000
   -7.3750      0.000    0.00000      0.000    0.00000
   -7.1250      0.000    0.00000      0.000    0.00000
   -6.8750      0.000    0.00000      0.000    0.00000
   -6.6250      0.000    0.00000      0.000    0.00000
   -6.3750      0.000    0.00000      0.000    0.00000
   -6.1250      0.000    0.00000      0.000    0.00000
   -5.8750      0.000    0.00000      0.000    0.00000
   -5.6250      0.000    0.00000      0.000    0.00000
   -5.3750      0.000    0.00000      0.000    0.00000
   -5.1250      0.000    0.00000      0.000    0.00000
   -4.8750      0.000    0.00000      0.000    0.00000
   -4.6250      0.000    0.00000      0.000    0.00000
   -4.3750      0.000    0.00000      0.000    0.00000
   -4.1250      0.000    0.00000      0.000    0.00000
   -3.8750      0.000    0.00000      0.000    0.00000
   -3.6250      0.000    0.00000      0.000    0.00000
   -3.3750      0.000    0.00000      0.000    0.00000
   -3.1250      0.000    0.00000      0.000    0.00000
   -2.8750      0.000    0.00000      0.000    0.00000
   -2.6250      0.000    0.00000      0.000    0.00000
   -2.3750      0.000    0.00000      0.000    0.00000
   -2.1250      0.000    0.00000      0.000    0.00000
   -1.8750      0.000    0.00000      0.000    0.00000
   -1.6250      0.000    0.00000      0.000    0.00000
   -1.3750      0.000    0.00000      0.000    0.00000
   -1.1250      0.000    0.00000      0.000    0.00000
   -0.8750      0.000    0.00000      0.000    0.00000
   -0.6250      0.000    0.00000      0.000    0.00000
   -0.3750      0.000    0.00000      0.000    0.00000
   -0.1250      0.000    0.00000      0.000    0.00000
    0.1250      0.000    0.00000      0.000    0.00000
    0.3750      0.000    0.00000      0.000    0.00000
    0.6250      0.000    0.00000      0.000    0.00000
    0.8750      0.000    0.00000      0.000    0.00000
    1.1250      0.000    0.00000      0.000    0.00000
    1.3750      0.000    0.00000      0.000    0.00000
    1.6250      0.000    0.00000      0.000    0.00000
    1.8750      0.000    0.00000      0.000    0.00000
    2.1250      0.000    0.00000      0.000    0.00000
    2.3750      0.000    0.00000      0.000    0.00000
    2.6250      0.000    0.00000      0.000    0.00000
    2.8750      0.000    0.00000      0.000    0.00000
    3.1250      0.000    0.00000      0.000    0.00000
    3.3750      0.000    0.00000      0.000    0.00000
    3.6250      0.000    0.00000      0.000    0.00000
    3.8750      0.000    0.00000      0.000    0.00000
    4.1250      0.000    0.00000      0.000    0.00000
    4.3750      0.000    0.00000      0.000    0.00000
    4.6250      0.000    0.00000      0.000    0.00000
    4.8750      0.000    0.00000      0.000    0.00000
    5.1250      0.000    0.00000      0.000    0.00000
    5.3750      0.000    0.00000      0.000    0.00000
    5.6250      0.000    0.00000      0.000    0.00000
    5.8750      0.000    0.00000      0.000    0.00000
    6.1250      0.000    0.00000      0.000    0.00000
    6.3750      0.000    0.00000      0.000    0.00000
    6.6250      0.000    0.00000      0.000    0.00000
    6.8750      0.000    0.00000      0.000    0.00000
    7.1250      0.000    0.00000      0.000    0.00000
    7.3750      0.000    0.00000      0.000    0.00000
    7.6250      0.000    0.00000      0.000    0.00000
    7.8750      0.000    0.00000      0.000    0.00000
    8.1250      0.000    0.00000      0.000    0.00000
    8.3750      0.000    0.00000      0.000    0.00000
    8.6250      0.000    0.00000      0.000    0.00000
    8.8750      0.000    0.00000      0.000    0.00000
    9.1250      0.000    0.00000      0.000    0.00000
    9.3750      0.000    0.00000      0.000    0.00000
    9.6250      0.000    0.00000      0.000    0.00000
    9.8750      0.000    0.00000      0.000    0.00000
   10.1250      0.000    0.00002      0.000    0.00000
   10.3750      0.000    0.00002      0.000    0.00000
   10.6250      0.000    0.00000      0.000    0.00000
   10.8750      0.000    0.00003      0.000    0.00000
   11.1250      0.000    0.00006      0.000    0.00000
   11.3750      0.000    0.00005      0.000    0.00000
   11.6250      0.000    0.00009      0.000    0.00000
   11.8750      0.000    0.00010      0.000    0.00000
   12.1250      0.000    0.00014      0.000    0.00000
   12.3750      0.000    0.00015      0.000    0.00000
   12.6250      0.000    0.00020      0.000    0.00000
   12.8750      0.000    0.00022      0.000    0.00000
   13.1250      0.000    0.00024      0.000    0.00003
   13.3750      0.000    0.00028      0.000    0.00002
   13.6250      0.000    0.00031      0.000    0.00000
   13.8750      0.000    0.00034      0.000    0.00006
   14.1250      0.000    0.00040      0.000    0.00004
   14.3750      0.000    0.00045      0.000    0.00005
   14.6250      0.000    0.00049      0.000    0.00008
   14.8750      0.000    0.00054      0.000    0.00007
   15.1250      0.000    0.00059      0.000    0.00007
   15.3750      0.000    0.00065      0.000    0.00009
   15.6250      0.000    0.00068      0.000    0.00012
   15.8750      0.001    0.00074      0.000    0.00013
   16.1250      0.001    0.00077      0.000    0.00017
   16.3750      0.001    0.00081      0.000    0.00017
   16.6250      0.001    0.00086      0.000    0.00019
   16.8750      0.001    0.00091      0.000    0.00022
   17.1250      0.001    0.00094      0.000    0.00025
   17.3750      0.001    0.00098      0.000    0.00029
   17.6250      0.001    0.00104      0.000    0.00029
   17.8750      0.001    0.00110      0.000    0.00032
   18.1250      0.001    0.00114      0.000    0.00038
   18.3750      0.001    0.00120      0.000    0.00041
   18.6250      0.002    0.00123      0.000    0.00045
   18.8750      0.002    0.00130      0.000    0.00049
   19.1250      0.002    0.00134      0.000    0.00053
   19.3750      0.002    0.00139      0.000    0.00059
   19.6250      0.002    0.00146      0.000    0.00069
   19.8750      0.002    0.00153      0.001    0.00075
   20.1250      0.003    0.00159      0.001    0.00079
   20.3750      0.003    0.00165      0.001    0.00091
   20.6250      0.003    0.00171      0.001    0.00099
   20.8750      0.003    0.00180      0.001    0.00108
   21.1250      0.004    0.00189      0.001    0.00117
   21.3750      0.004    0.00197      0.002    0.00125
   21.6250      0.004    0.00205      0.002    0.00139
   21.8750      0.005    0.00213      0.002    0.00145
   22.1250      0.005    0.00226      0.003    0.00157
   22.3750      0.006    0.00232      0.003    0.00165
   22.6250      0.006    0.00240      0.003    0.00178
   22.8750      0.006    0.00249      0.004    0.00188
   23.1250      0.007    0.00258      0.004    0.00197
   23.3750      0.007    0.00263      0.004    0.00208
   23.6250      0.008    0.00274      0.005    0.00219
   23.8750      0.008    0.00280      0.005    0.00229
   24.1250      0.009    0.00289      0.006    0.00238
   24.3750      0.009    0.00297      0.006    0.00252
   24.6250      0.009    0.00302      0.007    0.00260
   24.8750      0.010    0.00310      0.007    0.00271
   25.1250      0.010    0.00316      0.008    0.00280
   25.3750      0.011    0.00322      0.009    0.00291
   25.6250      0.011    0.00327      0.009    0.00296
   25.8750      0.012    0.00334      0.009    0.00303
   26.1250      0.012    0.00335      0.010    0.00314
   26.3750      0.012    0.00342      0.011    0.00319
   26.6250      0.013    0.00348      0.011    0.00327
   26.8750      0.013    0.00355      0.012    0.00334
   27.1250      0.013    0.00355      0.012    0.00339
   27.3750      0.013    0.00359      0.012    0.00346
   27.6250      0.014    0.00360      0.013    0.00352
   27.8750      0.014    0.00367      0.013    0.00356
   28.1250      0.014    0.00368      0.013    0.00359
   28.3750      0.014    0.00370      0.014    0.00362
   28.6250      0.015    0.00377      0.014    0.00365
   28.8750      0.015    0.00377      0.014    0.00367
   29.1250      0.015    0.00380      0.014    0.00374
   29.3750      0.015    0.00380      0.015    0.00375
   29.6250      0.015    0.00382      0.015    0.00378
   29.8750      0.015    0.00385      0.015    0.00378
   30.1250      0.015    0.00383      0.015    0.00381
   30.3750      0.016    0.00385      0.015    0.00381
   30.6250      0.016    0.00387      0.015    0.00382
   30.8750      0.016    0.00387      0.016    0.00386
   31.1250      0.016    0.00391      0.016    0.00386
   31.3750      0.016    0.00389      0.016    0.00387
   31.6250      0.016    0.00391      0.016    0.00391
   31.8750      0.016    0.00389      0.016    0.00391
   32.1250      0.016    0.00392      0.016    0.00393
   32.3750      0.016    0.00392      0.016    0.00393
   32.6250      0.016    0.00391      0.016    0.00392
   32.8750      0.016    0.00394      0.016    0.00395
   33.1250      0.016    0.00392      0.016    0.00393
   33.3750      0.016    0.00395      0.016    0.00396
   33.6250      0.016    0.00398      0.016    0.00392
   33.8750      0.016    0.00396      0.016    0.00395
   34.1250      0.016    0.00398      0.016    0.00395
   34.3750      0.016    0.00398      0.016    0.00395
   34.6250      0.016    0.00395      0.016    0.00398
   34.8750      0.016    0.00395      0.016    0.00393
   35.1250      0.016    0.00395      0.017    0.00398
   35.3750      0.016    0.00394      0.016    0.00397
   35.6250      0.016    0.00398      0.016    0.00396
   35.8750      0.016    0.00396      0.016    0.00396
   36.1250      0.016    0.00394      0.017    0.00398
   36.3750      0.016    0.00398      0.016    0.00395
   36.6250      0.016    0.00397      0.017    0.00397
   36.8750      0.016    0.00393      0.017    0.00398
   37.1250      0.016    0.00397      0.016    0.00396
   37.3750      0.016    0.00395      0.016    0.00397
   37.6250      0.016    0.00397      0.017    0.00401
   37.8750      0.016    0.00394      0.016    0.00398
   38.1250      0.016    0.00396      0.016    0.00396
   38.3750      0.016    0.00397      0.017    0.00400
   38.6250      0.016    0.00395      0.017    0.00398
   38.8750      0.016    0.00398      0.017    0.00401
   39.1250      0.016    0.00395      0.017    0.00397
   39.3750      0.016    0.00396      0.017    0.00398
   39.6250      0.017    0.00401      0.016    0.00398
   39.8750      0.016    0.00396      0.017    0.00396
   40.1250      0.016    0.00398      0.017    0.00399
   40.3750      0.016    0.00399      0.017    0.00396
   40.6250      0.016    0.00395      0.016    0.00398
   40.8750      0.016    0.00399      0.017    0.00397
   41.1250      0.016    0.00395      0.016    0.00396
   41.3750      0.016    0.00394      0.016    0.00397
   41.6250      0.016    0.00395      0.016    0.00398
   41.8750      0.016    0.00396      0.016    0.00396
   42.1250      0.016    0.00391      0.016    0.00398
   42.3750      0.016    0.00395      0.016    0.00394
   42.6250      0.016    0.00394      0.016    0.00394
   42.8750      0.016    0.00395      0.016    0.00395
   43.1250      0.016    0.00391      0.016    0.00392
   43.3750      0.016    0.00392      0.016    0.00393
   43.6250      0.016    0.00393      0.016    0.00394
   43.8750      0.016    0.00392      0.016    0.00390
   44.1250      0.016    0.00387      0.016    0.00390
   44.3750      0.016    0.00388      0.016    0.00388
   44.6250      0.016    0.00387      0.016    0.00386
   44.8750      0.016    0.00387      0.016    0.00389
   45.1250      0.015    0.00385      0.015    0.00385
   45.3750      0.015    0.00383      0.015    0.00383
   45.6250      0.015    0.00385      0.015    0.00383
   45.8750      0.015    0.00378      0.015    0.00380
   46.1250      0.015    0.00379      0.015    0.00375
   46.3750      0.015    0.00376      0.014    0.00373
   46.6250      0.015    0.00373      0.014    0.00369
   46.8750      0.014    0.00374      0.014    0.00368
   47.1250      0.014    0.00369      0.014    0.00365
   47.3750      0.014    0.00369      0.013    0.00361
   47.6250      0.014    0.00364      0.013    0.00357
   47.8750      0.014    0.00362      0.013    0.00352
   48.1250      0.013    0.00357      0.012    0.00345
   48.3750      0.013    0.00357      0.012    0.00341
   48.6250      0.013    0.00352      0.012    0.00338
   48.8750      0.013    0.00350      0.012    0.00335
   49.1250      0.012    0.00344      0.011    0.00327
   49.3750      0.012    0.00341      0.011    0.00324
   49.6250      0.012    0.00336      0.010    0.00312
   49.8750      0.011    0.00329      0.010    0.00308
   50.1250      0.011    0.00325      0.009    0.00300
   50.3750      0.011    0.00320      0.009    0.00289
   50.6250      0.010    0.00312      0.008    0.00284
   50.8750      0.010    0.00310      0.008    0.00274
   51.1250      0.009    0.00306      0.007    0.00264
   51.3750      0.009    0.00297      0.007    0.00255
   51.6250      0.009    0.00291      0.006    0.00242
   51.8750      0.008    0.00285      0.005    0.00235
   52.1250      0.008    0.00274      0.005    0.00225
   52.3750      0.007    0.00269      0.005    0.00214
   52.6250      0.007    0.00259      0.004    0.00203
   52.8750      0.006    0.00250      0.004    0.00195
   53.1250      0.006    0.00241      0.003    0.00185
   53.3750      0.006    0.00232      0.003    0.00175
   53.6250      0.005    0.00226      0.003    0.00164
   53.8750      0.005    0.00215      0.002    0.00153
   54.1250      0.004    0.00209      0.002    0.00146
   54.3750      0.004    0.00202      0.002    0.00135
   54.6250      0.004    0.00191      0.002    0.00125
   54.8750      0.003    0.00186      0.001    0.00118
   55.1250      0.003    0.00178      0.001    0.00106
   55.3750      0.003    0.00171      0.001    0.00101
   55.6250      0.003    0.00163      0.001    0.00093
   55.8750      0.002    0.00155      0.001    0.00083
   56.1250      0.002    0.00146      0.001    0.00079
   56.3750      0.002    0.00138      0.001    0.00071
   56.6250      0.002    0.00135      0.000    0.00066
   56.8750      0.002    0.00130      0.000    0.00058
   57.1250      0.002    0.00122      0.000    0.00054
   57.3750      0.001    0.00117      0.000    0.00048
   57.6250      0.001    0.00111      0.000    0.00045
   57.8750      0.001    0.00110      0.000    0.00039
   58.1250      0.001    0.00101      0.000    0.00035
   58.3750      0.001    0.00097      0.000    0.00030
   58.6250      0.001    0.00091      0.000    0.00028
   58.8750      0.001    0.00087      0.000    0.00025
   59.1250      0.001    0.00083      0.000    0.00022
   59.3750      0.001    0.00077      0.000    0.00018
   59.6250      0.001    0.00071      0.000    0.00017
   59.8750      0.000    0.00068      0.000    0.00015
   60.1250      0.000    0.00064      0.000    0.00014
   60.3750      0.000    0.00058      0.000    0.00012
   60.6250      0.000    0.00055      0.000    0.00012
   60.8750      0.000    0.00050      0.000    0.00009
   61.1250      0.000    0.00046      0.000    0.00007
   61.3750      0.000    0.00039      0.000    0.00005
   61.6250      0.000    0.00040      0.000    0.00005
   61.8750      0.000    0.00037      0.000    0.00004
   62.1250      0.000    0.00031      0.000    0.00005
   62.3750      0.000    0.00029      0.000    0.00003
   62.6250      0.000    0.00026      0.000    0.00002
   62.8750      0.000    0.00023      0.000    0.00003
   63.1250      0.000    0.00022      0.000    0.00000
   63.3750      0.000    0.00020      0.000    0.00002
   63.6250      0.000    0.00017      0.000    0.00000
   63.8750      0.000    0.00016      0.000    0.00000
   64.1250      0.000    0.00016      0.000    0.00000
   64.3750      0.000    0.00015      0.000    0.00000
   64.6250      0.000    0.00014      0.000    0.00000
   64.8750      0.000    0.00014      0.000    0.00000
   65.1250      0.000    0.00015      0.000    0.00000
   65.3750      0.000    0.00013      0.000    0.00000
   65.6250      0.000    0.00013      0.000    0.00000
   65.8750      0.000    0.00012      0.000    0.00000
   66.1250      0.000    0.00011      0.000    0.00000
   66.3750      0.000    0.00010      0.000    0.00000
   66.6250      0.000    0.00008      0.000    0.00000
   66.8750      0.000    0.00007      0.000    0.00000
   67.1250      0.000    0.00005      0.000    0.00000
   67.3750      0.000    0.00003      0.000    0.00000
   67.6250      0.000    0.00000      0.000    0.00000
   67.8750      0.000    0.00003      0.000    0.00000
   68.1250      0.000    0.00000      0.000    0.00000
