0 0.956629
0.001 0.956187
0.002 0.954863
0.003 0.952655
0.004 0.949566
0.005 0.945598
0.006 0.940751
0.007 0.935028
0.008 0.928433
0.009 0.920968
0.01 0.912637
0.011 0.903444
0.012 0.893393
0.013 0.88249
0.014 0.870739
0.015 0.858146
0.016 0.844718
0.017 0.83046
0.018 0.81538
0.019 0.799485
0.02 0.782783
0.021 0.765281
0.022 0.746988
0.023 0.727913
0.024 0.708065
0.025 0.687454
0.026 0.666089
0.027 0.64398
0.028 0.621139
0.029 0.597575
0.03 0.573301
0.031 0.548327
0.032 0.522666
0.033 0.49633
0.034 0.469331
0.035 0.441682
0.036 0.413396
0.037 0.384487
0.038 0.354967
0.039 0.324851
0.04 0.294154
0.041 0.262888
0.042 0.23107
0.043 0.198713
0.044 0.165833
0.045 0.132445
0.046 0.0985642
0.047 0.0642068
0.048 0.0293885
0.049 0.00587491
0.05 0.0415671
0.051 0.0776718
0.052 0.114172
0.053 0.151052
0.054 0.188295
0.055 0.225883
0.056 0.2638
0.057 0.302029
0.058 0.340552
0.059 0.379352
0.06 0.418413
0.061 0.457715
0.062 0.497243
0.063 0.536978
0.064 0.576902
0.065 0.617
0.066 0.657251
0.067 0.69764
0.068 0.738149
0.069 0.778759
0.07 0.819454
0.071 0.860215
0.072 0.901026
0.073 0.941868
0.074 0.982725
0.075 1.02358
0.076 1.06441
0.077 1.10521
0.078 1.14595
0.079 1.18662
0.08 1.2272
0.081 1.26767
0.082 1.30802
0.083 1.34824
0.084 1.38829
0.085 1.42818
0.086 1.46788
0.087 1.50737
0.088 1.54665
0.089 1.58568
0.09 1.62447
0.091 1.66299
0.092 1.70123
0.093 1.73917
0.094 1.7768
0.095 1.81411
0.096 1.85107
0.097 1.88768
0.098 1.92392
0.099 1.95977
0.1 1.99523
0.101 2.03029
0.102 2.06491
0.103 2.09911
0.104 2.13285
0.105 2.16614
0.106 2.19895
0.107 2.23128
0.108 2.26311
0.109 2.29443
0.11 2.32524
0.111 2.35552
0.112 2.38526
0.113 2.41444
0.114 2.44307
0.115 2.47113
0.116 2.49861
0.117 2.5255
0.118 2.5518
0.119 2.57748
0.12 2.60256
0.121 2.62701
0.122 2.65083
0.123 2.67402
0.124 2.69656
0.125 2.71845
0.126 2.73968
0.127 2.76025
0.128 2.78015
0.129 2.79937
0.13 2.81791
0.131 2.83576
0.132 2.85293
0.133 2.86939
0.134 2.88516
0.135 2.90022
0.136 2.91457
0.137 2.92822
0.138 2.94115
0.139 2.95336
0.14 2.96485
0.141 2.97562
0.142 2.98566
0.143 2.99498
0.144 3.00357
0.145 3.01143
0.146 3.01856
0.147 3.02496
0.148 3.03063
0.149 3.03557
0.15 3.03978
0.151 3.04326
0.152 3.04601
0.153 3.04803
0.154 3.04932
0.155 3.04988
0.156 3.04973
0.157 3.04884
0.158 3.04724
0.159 3.04492
0.16 3.04188
0.161 3.03813
0.162 3.03368
0.163 3.02851
0.164 3.02264
0.165 3.01608
0.166 3.00881
0.167 3.00086
0.168 2.99222
0.169 2.9829
0.17 2.9729
0.171 2.96224
0.172 2.9509
0.173 2.9389
0.174 2.92625
0.175 2.91295
0.176 2.899
0.177 2.88442
0.178 2.86921
0.179 2.85337
0.18 2.83692
0.181 2.81985
0.182 2.80219
0.183 2.78392
0.184 2.76507
0.185 2.74564
0.186 2.72563
0.187 2.70506
0.188 2.68393
0.189 2.66225
0.19 2.64004
0.191 2.61729
0.192 2.59402
0.193 2.57023
0.194 2.54594
0.195 2.52115
0.196 2.49588
0.197 2.47013
0.198 2.44391
0.199 2.41723
0.2 2.39011
0.201 2.36254
0.202 2.33455
0.203 2.30614
0.204 2.27732
0.205 2.2481
0.206 2.21849
0.207 2.18851
0.208 2.15816
0.209 2.12745
0.21 2.0964
0.211 2.06501
0.212 2.03329
0.213 2.00127
0.214 1.96894
0.215 1.93632
0.216 1.90342
0.217 1.87025
0.218 1.83683
0.219 1.80316
0.22 1.76925
0.221 1.73512
0.222 1.70078
0.223 1.66624
0.224 1.63151
0.225 1.5966
0.226 1.56152
0.227 1.52629
0.228 1.49092
0.229 1.45542
0.23 1.4198
0.231 1.38407
0.232 1.34824
0.233 1.31233
0.234 1.27634
0.235 1.2403
0.236 1.2042
0.237 1.16807
0.238 1.13191
0.239 1.09574
0.24 1.05956
0.241 1.02339
0.242 0.98724
0.243 0.951122
0.244 0.915046
0.245 0.879024
0.246 0.843068
0.247 0.807188
0.248 0.771396
0.249 0.735703
0.25 0.70012
0.251 0.664658
0.252 0.629328
0.253 0.594141
0.254 0.559107
0.255 0.524238
0.256 0.489544
0.257 0.455036
0.258 0.420723
0.259 0.386617
0.26 0.352727
0.261 0.319064
0.262 0.285637
0.263 0.252457
0.264 0.219533
0.265 0.186875
0.266 0.154493
0.267 0.122395
0.268 0.090592
0.269 0.0590917
0.27 0.0279037
0.271 0.00296331
0.272 0.0335006
0.273 0.0636997
0.274 0.0935522
0.275 0.12305
0.276 0.152185
0.277 0.180949
0.278 0.209334
0.279 0.237334
0.28 0.26494
0.281 0.292146
0.282 0.318944
0.283 0.345327
0.284 0.37129
0.285 0.396825
0.286 0.421927
0.287 0.446588
0.288 0.470804
0.289 0.494569
0.29 0.517877
0.291 0.540722
0.292 0.563101
0.293 0.585008
0.294 0.606438
0.295 0.627388
0.296 0.647852
0.297 0.667827
0.298 0.687309
0.299 0.706294
0.3 0.72478
0.301 0.742763
0.302 0.76024
0.303 0.777209
0.304 0.793666
0.305 0.809611
0.306 0.82504
0.307 0.839953
0.308 0.854347
0.309 0.868221
0.31 0.881575
0.311 0.894407
0.312 0.906716
0.313 0.918503
0.314 0.929767
0.315 0.940508
0.316 0.950726
0.317 0.960422
0.318 0.969597
0.319 0.978252
0.32 0.986387
0.321 0.994004
0.322 1.0011
0.323 1.00769
0.324 1.01376
0.325 1.01933
0.326 1.02438
0.327 1.02893
0.328 1.03298
0.329 1.03653
0.33 1.03958
0.331 1.04214
0.332 1.04421
0.333 1.0458
0.334 1.0469
0.335 1.04753
0.336 1.04769
0.337 1.04737
0.338 1.0466
0.339 1.04537
0.34 1.04368
0.341 1.04155
0.342 1.03897
0.343 1.03596
0.344 1.03251
0.345 1.02864
0.346 1.02436
0.347 1.01966
0.348 1.01455
0.349 1.00904
0.35 1.00314
0.351 0.996857
0.352 0.990192
0.353 0.983153
0.354 0.97575
0.355 0.967988
0.356 0.959875
0.357 0.951418
0.358 0.942625
0.359 0.933504
0.36 0.924062
0.361 0.914308
0.362 0.904248
0.363 0.89389
0.364 0.883244
0.365 0.872316
0.366 0.861115
0.367 0.84965
0.368 0.837927
0.369 0.825956
0.37 0.813744
0.371 0.801301
0.372 0.788634
0.373 0.775752
0.374 0.762663
0.375 0.749375
0.376 0.735897
0.377 0.722238
0.378 0.708405
0.379 0.694407
0.38 0.680253
0.381 0.66595
0.382 0.651508
0.383 0.636934
0.384 0.622237
0.385 0.607425
0.386 0.592505
0.387 0.577488
0.388 0.562379
0.389 0.547189
0.39 0.531924
0.391 0.516592
0.392 0.501202
0.393 0.485761
0.394 0.470277
0.395 0.454758
0.396 0.439212
0.397 0.423645
0.398 0.408065
0.399 0.39248
0.4 0.376897
0.401 0.361323
0.402 0.345766
0.403 0.330231
0.404 0.314727
0.405 0.29926
0.406 0.283836
0.407 0.268462
0.408 0.253144
0.409 0.23789
0.41 0.222704
0.411 0.207594
0.412 0.192564
0.413 0.177622
0.414 0.162772
0.415 0.148021
0.416 0.133373
0.417 0.118835
0.418 0.104411
0.419 0.0901059
0.42 0.0759255
0.421 0.0618743
0.422 0.047957
0.423 0.0341781
0.424 0.020542
0.425 0.00705299
0.426 0.00628474
0.427 0.0194672
0.428 0.0324906
0.429 0.0453511
0.43 0.0580451
0.431 0.0705693
0.432 0.0829202
0.433 0.0950948
0.434 0.10709
0.435 0.118903
0.436 0.13053
0.437 0.14197
0.438 0.15322
0.439 0.164277
0.44 0.175139
0.441 0.185804
0.442 0.19627
0.443 0.206535
0.444 0.216598
0.445 0.226457
0.446 0.23611
0.447 0.245556
0.448 0.254794
0.449 0.263823
0.45 0.272642
0.451 0.28125
0.452 0.289646
0.453 0.297829
0.454 0.3058
0.455 0.313557
0.456 0.321101
0.457 0.328431
0.458 0.335547
0.459 0.34245
0.46 0.349139
0.461 0.355614
0.462 0.361876
0.463 0.367926
0.464 0.373764
0.465 0.37939
0.466 0.384806
0.467 0.390011
0.468 0.395008
0.469 0.399796
0.47 0.404378
0.471 0.408753
0.472 0.412924
0.473 0.416891
0.474 0.420657
0.475 0.424222
0.476 0.427588
0.477 0.430756
0.478 0.433729
0.479 0.436507
0.48 0.439093
0.481 0.441488
0.482 0.443695
0.483 0.445714
0.484 0.447549
0.485 0.449202
0.486 0.450673
0.487 0.451966
0.488 0.453083
0.489 0.454025
0.49 0.454795
0.491 0.455396
0.492 0.45583
0.493 0.456098
0.494 0.456204
0.495 0.45615
0.496 0.455938
0.497 0.455571
0.498 0.455052
0.499 0.454382
0.5 0.453564
0.501 0.452602
0.502 0.451497
0.503 0.450253
0.504 0.448871
0.505 0.447355
0.506 0.445706
0.507 0.443929
0.508 0.442025
0.509 0.439998
0.51 0.437849
0.511 0.435582
0.512 0.433199
0.513 0.430703
0.514 0.428097
0.515 0.425384
0.516 0.422565
0.517 0.419645
0.518 0.416625
0.519 0.413509
0.52 0.410298
0.521 0.406997
0.522 0.403606
0.523 0.40013
0.524 0.396571
0.525 0.392932
0.526 0.389215
0.527 0.385422
0.528 0.381557
0.529 0.377623
0.53 0.373621
0.531 0.369555
0.532 0.365427
0.533 0.361239
0.534 0.356995
0.535 0.352696
0.536 0.348346
0.537 0.343947
0.538 0.339501
0.539 0.335011
0.54 0.330479
0.541 0.325908
0.542 0.321301
0.543 0.316659
0.544 0.311986
0.545 0.307283
0.546 0.302552
0.547 0.297797
0.548 0.29302
0.549 0.288222
0.55 0.283407
0.551 0.278575
0.552 0.273731
0.553 0.268875
0.554 0.26401
0.555 0.259138
0.556 0.254262
0.557 0.249383
0.558 0.244503
0.559 0.239625
0.56 0.234751
0.561 0.229882
0.562 0.22502
0.563 0.220168
0.564 0.215327
0.565 0.2105
0.566 0.205688
0.567 0.200893
0.568 0.196116
0.569 0.19136
0.57 0.186627
0.571 0.181917
0.572 0.177233
0.573 0.172577
0.574 0.16795
0.575 0.163353
0.576 0.158788
0.577 0.154257
0.578 0.149761
0.579 0.145302
0.58 0.140881
0.581 0.1365
0.582 0.132159
0.583 0.12786
0.584 0.123605
0.585 0.119395
0.586 0.11523
0.587 0.111113
0.588 0.107044
0.589 0.103025
0.59 0.099056
0.591 0.0951386
0.592 0.0912739
0.593 0.0874627
0.594 0.0837061
0.595 0.0800049
0.596 0.0763599
0.597 0.0727721
0.598 0.0692422
0.599 0.065771
0.6 0.0623592
0.601 0.0590074
0.602 0.0557163
0.603 0.0524866
0.604 0.0493187
0.605 0.0462132
0.606 0.0431706
0.607 0.0401914
0.608 0.0372759
0.609 0.0344245
0.61 0.0316376
0.611 0.0289155
0.612 0.0262583
0.613 0.0236664
0.614 0.0211399
0.615 0.018679
0.616 0.0162837
0.617 0.0139542
0.618 0.0116904
0.619 0.00949233
0.62 0.00735998
0.621 0.00529324
0.622 0.003292
0.623 0.0013561
0.624 0.000514666
0.625 0.00232052
0.626 0.00406172
0.627 0.00573858
0.628 0.00735142
0.629 0.00890063
0.63 0.0103866
0.631 0.0118098
0.632 0.0131707
0.633 0.0144697
0.634 0.0157075
0.635 0.0168845
0.636 0.0180014
0.637 0.0190589
0.638 0.0200575
0.639 0.020998
0.64 0.0218811
0.641 0.0227075
0.642 0.023478
0.643 0.0241935
0.644 0.0248546
0.645 0.0254624
0.646 0.0260175
0.647 0.0265211
0.648 0.0269739
0.649 0.0273769
0.65 0.0277311
0.651 0.0280375
0.652 0.028297
0.653 0.0285108
0.654 0.0286797
0.655 0.0288049
0.656 0.0288875
0.657 0.0289285
0.658 0.0289291
0.659 0.0288903
0.66 0.0288132
0.661 0.0286991
0.662 0.028549
0.663 0.0283641
0.664 0.0281456
0.665 0.0278945
0.666 0.0276122
0.667 0.0272998
0.668 0.0269584
0.669 0.0265892
0.67 0.0261934
0.671 0.0257723
0.672 0.025327
0.673 0.0248586
0.674 0.0243684
0.675 0.0238575
0.676 0.0233271
0.677 0.0227785
0.678 0.0222126
0.679 0.0216308
0.68 0.0210341
0.681 0.0204236
0.682 0.0198006
0.683 0.0191661
0.684 0.0185213
0.685 0.0178672
0.686 0.0172049
0.687 0.0165354
0.688 0.0158599
0.689 0.0151793
0.69 0.0144947
0.691 0.0138071
0.692 0.0131175
0.693 0.0124267
0.694 0.0117358
0.695 0.0110457
0.696 0.0103573
0.697 0.00967148
0.698 0.00898906
0.699 0.0083109
0.7 0.00763782
0.701 0.00697059
0.702 0.00631
0.703 0.00565677
0.704 0.00501162
0.705 0.00437525
0.706 0.00374831
0.707 0.00313145
0.708 0.00252526
0.709 0.00193035
0.71 0.00134726
0.711 0.000776526
0.712 0.000218652
0.713 0.000325888
0.714 0.000856646
0.715 0.0013732
0.716 0.00187516
0.717 0.00236216
0.718 0.00283387
0.719 0.00328997
0.72 0.00373018
0.721 0.00415425
0.722 0.00456195
0.723 0.00495308
0.724 0.00532747
0.725 0.00568498
0.726 0.00602548
0.727 0.00634888
0.728 0.00665512
0.729 0.00694415
0.73 0.00721595
0.731 0.00747055
0.732 0.00770796
0.733 0.00792825
0.734 0.0081315
0.735 0.00831782
0.736 0.00848732
0.737 0.00864016
0.738 0.00877651
0.739 0.00889656
0.74 0.00900052
0.741 0.00908863
0.742 0.00916113
0.743 0.0092183
0.744 0.00926042
0.745 0.00928779
0.746 0.00930074
0.747 0.00929961
0.748 0.00928474
0.749 0.00925651
0.75 0.00921528
0.751 0.00916147
0.752 0.00909546
0.753 0.00901768
0.754 0.00892855
0.755 0.00882852
0.756 0.00871803
0.757 0.00859752
0.758 0.00846748
0.759 0.00832836
0.76 0.00818064
0.761 0.0080248
0.762 0.00786132
0.763 0.0076907
0.764 0.00751343
0.765 0.00733
0.766 0.00714091
0.767 0.00694665
0.768 0.00674772
0.769 0.00654461
0.77 0.00633783
0.771 0.00612786
0.772 0.00591519
0.773 0.00570031
0.774 0.0054837
0.775 0.00526584
0.776 0.00504719
0.777 0.00482823
0.778 0.00460942
0.779 0.00439119
0.78 0.00417401
0.781 0.0039583
0.782 0.00374449
0.783 0.00353299
0.784 0.00332422
0.785 0.00311857
0.786 0.00291642
0.787 0.00271815
0.788 0.00252412
0.789 0.00233468
0.79 0.00215017
0.791 0.00197092
0.792 0.00179723
0.793 0.0016294
0.794 0.00146772
0.795 0.00131245
0.796 0.00116386
0.797 0.00102217
0.798 0.000887633
0.799 0.000760441
0.8 0.000640797
0.801 0.000528881
0.802 0.000424859
0.803 0.000328882
0.804 0.000241085
0.805 0.000161589
0.806 9.04973e-05
0.807 2.78994e-05
0.808 2.61309e-05
0.809 7.15351e-05
0.81 0.00010827
0.811 0.000136307
0.812 0.000155634
0.813 0.000166251
0.814 0.000168175
0.815 0.000161436
0.816 0.00014608
0.817 0.000122166
0.818 8.97652e-05
0.819 4.89652e-05
0.82 1.3502e-07
0.821 5.7423e-05
0.822 0.000122774
0.823 0.000196049
0.824 0.000277101
0.825 0.000365768
0.826 0.000461878
0.827 0.000565247
0.828 0.000675683
0.829 0.000792981
0.83 0.000916929
0.831 0.0010473
0.832 0.00118387
0.833 0.0013264
0.834 0.00147464
0.835 0.00162832
0.836 0.0017872
0.837 0.00195101
0.838 0.00211946
0.839 0.00229228
0.84 0.00246918
0.841 0.00264988
0.842 0.00283407
0.843 0.00302147
0.844 0.00321177
0.845 0.00340467
0.846 0.00359986
0.847 0.00379703
0.848 0.00399588
0.849 0.0041961
0.85 0.00439738
0.851 0.0045994
0.852 0.00480187
0.853 0.00500447
0.854 0.00520689
0.855 0.00540883
0.856 0.00561
0.857 0.00581008
0.858 0.00600879
0.859 0.00620584
0.86 0.00640093
0.861 0.00659378
0.862 0.00678412
0.863 0.00697167
0.864 0.00715616
0.865 0.00733733
0.866 0.00751492
0.867 0.00768869
0.868 0.00785839
0.869 0.00802379
0.87 0.00818466
0.871 0.00834078
0.872 0.00849193
0.873 0.00863792
0.874 0.00877854
0.875 0.00891361
0.876 0.00904295
0.877 0.00916639
0.878 0.00928376
0.879 0.00939493
0.88 0.00949974
0.881 0.00959805
0.882 0.00968976
0.883 0.00977474
0.884 0.00985289
0.885 0.00992411
0.886 0.00998833
0.887 0.0100455
0.888 0.0100954
0.889 0.0101382
0.89 0.0101737
0.891 0.010202
0.892 0.0102229
0.893 0.0102364
0.894 0.0102427
0.895 0.0102416
0.896 0.0102332
0.897 0.0102174
0.898 0.0101944
0.899 0.0101642
0.9 0.0101267
0.901 0.0100821
0.902 0.0100305
0.903 0.00997181
0.904 0.00990622
0.905 0.00983379
0.906 0.00975463
0.907 0.00966882
0.908 0.00957648
0.909 0.00947773
0.91 0.00937269
0.911 0.00926149
0.912 0.00914426
0.913 0.00902114
0.914 0.00889229
0.915 0.00875785
0.916 0.00861798
0.917 0.00847283
0.918 0.00832259
0.919 0.00816741
0.92 0.00800747
0.921 0.00784295
0.922 0.00767403
0.923 0.00750089
0.924 0.00732372
0.925 0.0071427
0.926 0.00695802
0.927 0.00676989
0.928 0.00657848
0.929 0.006384
0.93 0.00618664
0.931 0.0059866
0.932 0.00578407
0.933 0.00557925
0.934 0.00537233
0.935 0.00516351
0.936 0.00495298
0.937 0.00474094
0.938 0.00452758
0.939 0.00431308
0.94 0.00409764
0.941 0.00388145
0.942 0.00366467
0.943 0.00344751
0.944 0.00323013
0.945 0.00301271
0.946 0.00279542
0.947 0.00257843
0.948 0.00236191
0.949 0.00214601
0.95 0.0019309
0.951 0.00171672
0.952 0.00150363
0.953 0.00129177
0.954 0.00108127
0.955 0.000872287
0.956 0.000664935
0.957 0.000459343
0.958 0.000255632
0.959 5.3917e-05
0.96 0.000145691
0.961 0.000343088
0.962 0.000538174
0.963 0.000730854
0.964 0.00092104
0.965 0.00110865
0.966 0.0012936
0.967 0.00147582
0.968 0.00165525
0.969 0.00183181
0.97 0.00200547
0.971 0.00217615
0.972 0.00234383
0.973 0.00250845
0.974 0.00266999
0.975 0.00282841
0.976 0.00298368
0.977 0.0031358
0.978 0.00328474
0.979 0.00343049
0.98 0.00357305
0.981 0.00371241
0.982 0.00384859
0.983 0.00398159
0.984 0.00411143
0.985 0.00423811
0.986 0.00436167
0.987 0.00448212
0.988 0.00459951
0.989 0.00471385
0.99 0.00482518
0.991 0.00493356
0.992 0.00503901
0.993 0.00514158
0.994 0.00524133
0.995 0.00533831
0.996 0.00543256
0.997 0.00552416
0.998 0.00561314
0.999 0.00569959
