-4.19037 337.236
-4.10573 336.119
-4.0211 336.282
-3.93646 336.342
-3.85183 335.982
-3.76719 336.103
-3.68256 336.321
-3.59792 336.493
-3.51328 336.262
-3.42865 336.478
-3.34401 336.558
-3.25938 336.788
-3.17474 336.851
-3.09011 337.275
-3.00547 337.911
-2.92084 339.587
-2.8362 343.37
-2.75157 351.36
-2.66693 364.043
-2.58229 380.437
-2.49766 401.198
-2.41302 418.594
-2.32839 427.871
-2.24375 427.309
-2.15912 419.662
-2.07448 411.495
-1.98985 405.703
-1.90521 395.953
-1.82057 379.992
-1.73594 363.232
-1.6513 352.529
-1.56667 349.606
-1.48203 351.587
-1.3974 353.065
-1.31276 352.709
-1.22813 352.414
-1.14349 352.611
-1.05885 352.508
-0.97422 348.919
-0.88958 340.22
-0.80495 326.776
-0.72031 312.63
-0.63568 300.055
-0.55104 291.524
-0.46641 287.579
-0.38177 282.232
-0.29713 269.883
-0.2125 246.432
-0.12786 217.88
-0.04323 198.08
0.04141 197.931
0.12604 218.139
0.21068 247.028
0.29531 270.418
0.37995 282.986
0.46459 288.589
0.54922 293.123
0.63386 301.462
0.71849 313.752
0.80313 327.676
0.88776 339.416
0.9724 348.217
1.05704 352.029
1.14167 352.069
1.22631 351.594
1.31094 352.297
1.39558 351.796
1.48021 350.082
1.56485 349.11
1.64948 352.198
1.73412 362.533
1.81875 379.655
1.90339 395.03
1.98803 406.231
2.07266 413.225
2.1573 419.586
2.24193 426.567
2.32657 426.742
2.4112 417.986
2.49584 401.579
2.58047 381.096
2.66511 363.419
2.74975 351.45
2.83438 343.191
2.91902 340.089
3.00365 338.095
3.08829 337.456
3.17292 336.892
3.25756 336.623
3.3422 336.633
3.42683 336.589
3.51147 336.05
3.5961 336.391
3.68074 336.295
3.76537 336.676
3.85001 335.955
3.93464 335.912
4.01928 336.952
4.10391 336.156
4.18855 334.886
