0 0.630787
0.001 0.6304
0.002 0.629238
0.003 0.627303
0.004 0.624594
0.005 0.621115
0.006 0.616866
0.007 0.61185
0.008 0.606071
0.009 0.599531
0.01 0.592235
0.011 0.584186
0.012 0.575388
0.013 0.565848
0.014 0.55557
0.015 0.544561
0.016 0.532826
0.017 0.520373
0.018 0.507208
0.019 0.49334
0.02 0.478775
0.021 0.463522
0.022 0.44759
0.023 0.430988
0.024 0.413726
0.025 0.395813
0.026 0.377259
0.027 0.358075
0.028 0.338272
0.029 0.317861
0.03 0.296854
0.031 0.275261
0.032 0.253097
0.033 0.230372
0.034 0.207101
0.035 0.183295
0.036 0.158969
0.037 0.134136
0.038 0.10881
0.039 0.0830047
0.04 0.0567351
0.041 0.0300157
0.042 0.00286135
0.043 0.0247128
0.044 0.0526915
0.045 0.0810592
0.046 0.1098
0.047 0.138898
0.048 0.168338
0.049 0.198103
0.05 0.228176
0.051 0.258542
0.052 0.289184
0.053 0.320084
0.054 0.351226
0.055 0.382594
0.056 0.414169
0.057 0.445935
0.058 0.477875
0.059 0.509972
0.06 0.542208
0.061 0.574565
0.062 0.607027
0.063 0.639577
0.064 0.672196
0.065 0.704868
0.066 0.737575
0.067 0.770299
0.068 0.803025
0.069 0.835734
0.07 0.868409
0.071 0.901033
0.072 0.93359
0.073 0.966062
0.074 0.998432
0.075 1.03068
0.076 1.0628
0.077 1.09477
0.078 1.12657
0.079 1.15818
0.08 1.1896
0.081 1.2208
0.082 1.25176
0.083 1.28248
0.084 1.31294
0.085 1.34313
0.086 1.37302
0.087 1.4026
0.088 1.43186
0.089 1.46079
0.09 1.48936
0.091 1.51757
0.092 1.54541
0.093 1.57286
0.094 1.5999
0.095 1.62653
0.096 1.65272
0.097 1.67848
0.098 1.70379
0.099 1.72863
0.1 1.75299
0.101 1.77687
0.102 1.80025
0.103 1.82313
0.104 1.84548
0.105 1.86731
0.106 1.8886
0.107 1.90935
0.108 1.92954
0.109 1.94916
0.11 1.96822
0.111 1.9867
0.112 2.00459
0.113 2.02188
0.114 2.03858
0.115 2.05467
0.116 2.07014
0.117 2.085
0.118 2.09923
0.119 2.11283
0.12 2.1258
0.121 2.13813
0.122 2.14982
0.123 2.16086
0.124 2.17126
0.125 2.181
0.126 2.19008
0.127 2.19852
0.128 2.20629
0.129 2.2134
0.13 2.21985
0.131 2.22564
0.132 2.23076
0.133 2.23523
0.134 2.23903
0.135 2.24217
0.136 2.24465
0.137 2.24647
0.138 2.24763
0.139 2.24813
0.14 2.24798
0.141 2.24718
0.142 2.24573
0.143 2.24364
0.144 2.2409
0.145 2.23753
0.146 2.23352
0.147 2.22888
0.148 2.22362
0.149 2.21773
0.15 2.21124
0.151 2.20413
0.152 2.19642
0.153 2.18811
0.154 2.17921
0.155 2.16973
0.156 2.15967
0.157 2.14904
0.158 2.13785
0.159 2.1261
0.16 2.11381
0.161 2.10097
0.162 2.08761
0.163 2.07372
0.164 2.05932
0.165 2.04442
0.166 2.02902
0.167 2.01313
0.168 1.99677
0.169 1.97994
0.17 1.96265
0.171 1.94492
0.172 1.92676
0.173 1.90816
0.174 1.88915
0.175 1.86974
0.176 1.84993
0.177 1.82974
0.178 1.80918
0.179 1.78826
0.18 1.76699
0.181 1.74539
0.182 1.72345
0.183 1.70121
0.184 1.67866
0.185 1.65582
0.186 1.63271
0.187 1.60933
0.188 1.58569
0.189 1.56181
0.19 1.5377
0.191 1.51338
0.192 1.48885
0.193 1.46413
0.194 1.43923
0.195 1.41416
0.196 1.38893
0.197 1.36357
0.198 1.33807
0.199 1.31245
0.2 1.28673
0.201 1.26092
0.202 1.23502
0.203 1.20906
0.204 1.18304
0.205 1.15698
0.206 1.13089
0.207 1.10478
0.208 1.07866
0.209 1.05255
0.21 1.02646
0.211 1.0004
0.212 0.974373
0.213 0.948405
0.214 0.922503
0.215 0.896677
0.216 0.870941
0.217 0.845305
0.218 0.819781
0.219 0.79438
0.22 0.769114
0.221 0.743993
0.222 0.719028
0.223 0.694231
0.224 0.669612
0.225 0.645181
0.226 0.620949
0.227 0.596927
0.228 0.573124
0.229 0.549551
0.23 0.526217
0.231 0.503132
0.232 0.480305
0.233 0.457746
0.234 0.435464
0.235 0.413468
0.236 0.391767
0.237 0.370369
0.238 0.349284
0.239 0.328518
0.24 0.30808
0.241 0.287978
0.242 0.26822
0.243 0.248813
0.244 0.229765
0.245 0.211081
0.246 0.19277
0.247 0.174838
0.248 0.157291
0.249 0.140136
0.25 0.123377
0.251 0.107022
0.252 0.0910757
0.253 0.075543
0.254 0.0604292
0.255 0.0457391
0.256 0.0314773
0.257 0.0176481
0.258 0.00425569
0.259 0.00869612
0.26 0.0212037
0.261 0.0332637
0.262 0.0448728
0.263 0.0560284
0.264 0.0667276
0.265 0.076968
0.266 0.0867476
0.267 0.0960643
0.268 0.104917
0.269 0.113303
0.27 0.121222
0.271 0.128673
0.272 0.135656
0.273 0.142169
0.274 0.148213
0.275 0.153787
0.276 0.158893
0.277 0.16353
0.278 0.167699
0.279 0.171402
0.28 0.17464
0.281 0.177413
0.282 0.179725
0.283 0.181576
0.284 0.182969
0.285 0.183907
0.286 0.184393
0.287 0.184429
0.288 0.184018
0.289 0.183163
0.29 0.18187
0.291 0.18014
0.292 0.177979
0.293 0.17539
0.294 0.172379
0.295 0.168949
0.296 0.165106
0.297 0.160855
0.298 0.156201
0.299 0.15115
0.3 0.145707
0.301 0.139879
0.302 0.133671
0.303 0.12709
0.304 0.120143
0.305 0.112835
0.306 0.105174
0.307 0.0971669
0.308 0.0888208
0.309 0.0801431
0.31 0.0711413
0.311 0.0618229
0.312 0.0521959
0.313 0.0422682
0.314 0.0320478
0.315 0.021543
0.316 0.0107622
0.317 0.000286252
0.318 0.0115936
0.319 0.0231513
0.32 0.0349503
0.321 0.0469819
0.322 0.0592369
0.323 0.0717063
0.324 0.0843807
0.325 0.097251
0.326 0.110308
0.327 0.123541
0.328 0.136943
0.329 0.150502
0.33 0.164209
0.331 0.178055
0.332 0.19203
0.333 0.206124
0.334 0.220327
0.335 0.234629
0.336 0.249022
0.337 0.263494
0.338 0.278036
0.339 0.292638
0.34 0.30729
0.341 0.321983
0.342 0.336706
0.343 0.351449
0.344 0.366204
0.345 0.38096
0.346 0.395707
0.347 0.410435
0.348 0.425136
0.349 0.4398
0.35 0.454416
0.351 0.468976
0.352 0.48347
0.353 0.497889
0.354 0.512223
0.355 0.526464
0.356 0.540602
0.357 0.554629
0.358 0.568536
0.359 0.582314
0.36 0.595953
0.361 0.609447
0.362 0.622787
0.363 0.635963
0.364 0.648969
0.365 0.661796
0.366 0.674436
0.367 0.686882
0.368 0.699126
0.369 0.711161
0.37 0.722979
0.371 0.734574
0.372 0.745939
0.373 0.757066
0.374 0.76795
0.375 0.778583
0.376 0.788961
0.377 0.799076
0.378 0.808923
0.379 0.818497
0.38 0.827792
0.381 0.836802
0.382 0.845523
0.383 0.85395
0.384 0.862078
0.385 0.869903
0.386 0.87742
0.387 0.884626
0.388 0.891517
0.389 0.898088
0.39 0.904338
0.391 0.910262
0.392 0.915857
0.393 0.921122
0.394 0.926053
0.395 0.930648
0.396 0.934904
0.397 0.938821
0.398 0.942397
0.399 0.945629
0.4 0.948518
0.401 0.951061
0.402 0.953258
0.403 0.955108
0.404 0.956612
0.405 0.957768
0.406 0.958578
0.407 0.959041
0.408 0.959158
0.409 0.958929
0.41 0.958356
0.411 0.95744
0.412 0.956181
0.413 0.954582
0.414 0.952644
0.415 0.950369
0.416 0.94776
0.417 0.944818
0.418 0.941546
0.419 0.937947
0.42 0.934024
0.421 0.929779
0.422 0.925216
0.423 0.920339
0.424 0.915151
0.425 0.909655
0.426 0.903857
0.427 0.897759
0.428 0.891366
0.429 0.884682
0.43 0.877712
0.431 0.870462
0.432 0.862934
0.433 0.855135
0.434 0.84707
0.435 0.838744
0.436 0.830162
0.437 0.821329
0.438 0.812252
0.439 0.802936
0.44 0.793387
0.441 0.783611
0.442 0.773614
0.443 0.763402
0.444 0.752981
0.445 0.742357
0.446 0.731538
0.447 0.720529
0.448 0.709337
0.449 0.697968
0.45 0.68643
0.451 0.674728
0.452 0.662871
0.453 0.650864
0.454 0.638714
0.455 0.626429
0.456 0.614015
0.457 0.60148
0.458 0.588829
0.459 0.576071
0.46 0.563212
0.461 0.55026
0.462 0.537221
0.463 0.524103
0.464 0.510912
0.465 0.497656
0.466 0.484341
0.467 0.470976
0.468 0.457565
0.469 0.444118
0.47 0.43064
0.471 0.417138
0.472 0.40362
0.473 0.390092
0.474 0.376562
0.475 0.363035
0.476 0.349518
0.477 0.336019
0.478 0.322544
0.479 0.309098
0.48 0.29569
0.481 0.282324
0.482 0.269008
0.483 0.255748
0.484 0.242549
0.485 0.229419
0.486 0.216362
0.487 0.203385
0.488 0.190494
0.489 0.177695
0.49 0.164992
0.491 0.152392
0.492 0.139899
0.493 0.127521
0.494 0.11526
0.495 0.103124
0.496 0.0911157
0.497 0.0792414
0.498 0.0675053
0.499 0.0559124
0.5 0.044467
0.501 0.0331737
0.502 0.0220367
0.503 0.0110603
0.504 0.00024849
0.505 0.0103947
0.506 0.0208655
0.507 0.0311602
0.508 0.0412752
0.509 0.051207
0.51 0.0609524
0.511 0.0705081
0.512 0.079871
0.513 0.0890383
0.514 0.0980072
0.515 0.106775
0.516 0.115339
0.517 0.123697
0.518 0.131846
0.519 0.139785
0.52 0.147511
0.521 0.155023
0.522 0.162319
0.523 0.169397
0.524 0.176255
0.525 0.182893
0.526 0.189309
0.527 0.195501
0.528 0.20147
0.529 0.207213
0.53 0.212731
0.531 0.218022
0.532 0.223087
0.533 0.227924
0.534 0.232534
0.535 0.236917
0.536 0.241071
0.537 0.244999
0.538 0.248699
0.539 0.252172
0.54 0.255419
0.541 0.25844
0.542 0.261235
0.543 0.263807
0.544 0.266154
0.545 0.26828
0.546 0.270184
0.547 0.271867
0.548 0.273332
0.549 0.27458
0.55 0.275611
0.551 0.276429
0.552 0.277033
0.553 0.277427
0.554 0.277612
0.555 0.27759
0.556 0.277364
0.557 0.276934
0.558 0.276305
0.559 0.275477
0.56 0.274453
0.561 0.273236
0.562 0.271829
0.563 0.270233
0.564 0.268452
0.565 0.266489
0.566 0.264345
0.567 0.262025
0.568 0.259531
0.569 0.256867
0.57 0.254034
0.571 0.251037
0.572 0.247879
0.573 0.244562
0.574 0.241091
0.575 0.237468
0.576 0.233698
0.577 0.229782
0.578 0.225726
0.579 0.221532
0.58 0.217204
0.581 0.212746
0.582 0.20816
0.583 0.203452
0.584 0.198625
0.585 0.193682
0.586 0.188627
0.587 0.183464
0.588 0.178196
0.589 0.172829
0.59 0.167364
0.591 0.161807
0.592 0.156161
0.593 0.150431
0.594 0.144619
0.595 0.13873
0.596 0.132767
0.597 0.126736
0.598 0.120639
0.599 0.11448
0.6 0.108264
0.601 0.101994
0.602 0.0956749
0.603 0.0893096
0.604 0.0829024
0.605 0.076457
0.606 0.0699775
0.607 0.0634676
0.608 0.0569312
0.609 0.050372
0.61 0.043794
0.611 0.0372009
0.612 0.0305964
0.613 0.0239842
0.614 0.0173681
0.615 0.0107517
0.616 0.00413869
0.617 0.00246736
0.618 0.00906287
0.619 0.0156443
0.62 0.0222081
0.621 0.0287509
0.622 0.0352692
0.623 0.0417597
0.624 0.0482189
0.625 0.0546437
0.626 0.0610307
0.627 0.0673768
0.628 0.0736788
0.629 0.0799336
0.63 0.0861382
0.631 0.0922895
0.632 0.0983846
0.633 0.104421
0.634 0.110395
0.635 0.116304
0.636 0.122146
0.637 0.127918
0.638 0.133618
0.639 0.139242
0.64 0.144789
0.641 0.150255
0.642 0.155639
0.643 0.160939
0.644 0.166151
0.645 0.171275
0.646 0.176307
0.647 0.181247
0.648 0.186091
0.649 0.190839
0.65 0.195488
0.651 0.200037
0.652 0.204483
0.653 0.208826
0.654 0.213065
0.655 0.217196
0.656 0.22122
0.657 0.225135
0.658 0.22894
0.659 0.232633
0.66 0.236214
0.661 0.239681
0.662 0.243035
0.663 0.246273
0.664 0.249395
0.665 0.252402
0.666 0.255291
0.667 0.258063
0.668 0.260717
0.669 0.263252
0.67 0.26567
0.671 0.267968
0.672 0.270148
0.673 0.272209
0.674 0.274152
0.675 0.275975
0.676 0.277681
0.677 0.279268
0.678 0.280738
0.679 0.28209
0.68 0.283325
0.681 0.284444
0.682 0.285447
0.683 0.286335
0.684 0.28711
0.685 0.287771
0.686 0.288319
0.687 0.288756
0.688 0.289083
0.689 0.2893
0.69 0.28941
0.691 0.289412
0.692 0.289309
0.693 0.289102
0.694 0.288792
0.695 0.288382
0.696 0.287871
0.697 0.287262
0.698 0.286557
0.699 0.285757
0.7 0.284864
0.701 0.28388
0.702 0.282807
0.703 0.281646
0.704 0.2804
0.705 0.27907
0.706 0.277659
0.707 0.276169
0.708 0.274602
0.709 0.272959
0.71 0.271243
0.711 0.269457
0.712 0.267603
0.713 0.265682
0.714 0.263697
0.715 0.261651
0.716 0.259546
0.717 0.257384
0.718 0.255168
0.719 0.2529
0.72 0.250582
0.721 0.248217
0.722 0.245808
0.723 0.243357
0.724 0.240866
0.725 0.238337
0.726 0.235775
0.727 0.23318
0.728 0.230555
0.729 0.227904
0.73 0.225227
0.731 0.222529
0.732 0.219811
0.733 0.217075
0.734 0.214325
0.735 0.211563
0.736 0.208791
0.737 0.206012
0.738 0.203227
0.739 0.20044
0.74 0.197653
0.741 0.194868
0.742 0.192088
0.743 0.189314
0.744 0.186549
0.745 0.183795
0.746 0.181055
0.747 0.178331
0.748 0.175624
0.749 0.172937
0.75 0.170272
0.751 0.167631
0.752 0.165017
0.753 0.162429
0.754 0.159872
0.755 0.157347
0.756 0.154855
0.757 0.152398
0.758 0.149978
0.759 0.147597
0.76 0.145256
0.761 0.142958
0.762 0.140702
0.763 0.138491
0.764 0.136327
0.765 0.134211
0.766 0.132143
0.767 0.130126
0.768 0.12816
0.769 0.126246
0.77 0.124387
0.771 0.122582
0.772 0.120832
0.773 0.11914
0.774 0.117505
0.775 0.115928
0.776 0.11441
0.777 0.112952
0.778 0.111554
0.779 0.110217
0.78 0.108942
0.781 0.107728
0.782 0.106577
0.783 0.105488
0.784 0.104463
0.785 0.1035
0.786 0.1026
0.787 0.101764
0.788 0.100992
0.789 0.100282
0.79 0.0996365
0.791 0.0990538
0.792 0.0985342
0.793 0.0980774
0.794 0.0976831
0.795 0.0973511
0.796 0.0970809
0.797 0.0968721
0.798 0.0967242
0.799 0.0966367
0.8 0.096609
0.801 0.0966405
0.802 0.0967305
0.803 0.0968783
0.804 0.0970831
0.805 0.0973441
0.806 0.0976605
0.807 0.0980314
0.808 0.0984559
0.809 0.098933
0.81 0.0994617
0.811 0.100041
0.812 0.10067
0.813 0.101347
0.814 0.102071
0.815 0.102842
0.816 0.103657
0.817 0.104517
0.818 0.105418
0.819 0.106361
0.82 0.107344
0.821 0.108365
0.822 0.109423
0.823 0.110518
0.824 0.111647
0.825 0.112809
0.826 0.114002
0.827 0.115226
0.828 0.116479
0.829 0.117759
0.83 0.119065
0.831 0.120396
0.832 0.12175
0.833 0.123125
0.834 0.124521
0.835 0.125935
0.836 0.127366
0.837 0.128813
0.838 0.130274
0.839 0.131748
0.84 0.133233
0.841 0.134728
0.842 0.136231
0.843 0.137741
0.844 0.139256
0.845 0.140776
0.846 0.142298
0.847 0.143821
0.848 0.145344
0.849 0.146865
0.85 0.148384
0.851 0.149898
0.852 0.151407
0.853 0.152908
0.854 0.154401
0.855 0.155885
0.856 0.157358
0.857 0.158819
0.858 0.160267
0.859 0.1617
0.86 0.163117
0.861 0.164518
0.862 0.165901
0.863 0.167266
0.864 0.16861
0.865 0.169933
0.866 0.171234
0.867 0.172512
0.868 0.173766
0.869 0.174995
0.87 0.176198
0.871 0.177375
0.872 0.178524
0.873 0.179645
0.874 0.180737
0.875 0.181799
0.876 0.18283
0.877 0.18383
0.878 0.184798
0.879 0.185734
0.88 0.186636
0.881 0.187505
0.882 0.188339
0.883 0.189139
0.884 0.189904
0.885 0.190633
0.886 0.191326
0.887 0.191982
0.888 0.192602
0.889 0.193185
0.89 0.19373
0.891 0.194237
0.892 0.194707
0.893 0.195139
0.894 0.195532
0.895 0.195887
0.896 0.196203
0.897 0.196481
0.898 0.19672
0.899 0.196921
0.9 0.197083
0.901 0.197206
0.902 0.19729
0.903 0.197336
0.904 0.197344
0.905 0.197313
0.906 0.197244
0.907 0.197137
0.908 0.196992
0.909 0.196809
0.91 0.19659
0.911 0.196333
0.912 0.196039
0.913 0.195708
0.914 0.195342
0.915 0.19494
0.916 0.194502
0.917 0.194029
0.918 0.193521
0.919 0.192979
0.92 0.192403
0.921 0.191794
0.922 0.191152
0.923 0.190477
0.924 0.189771
0.925 0.189033
0.926 0.188264
0.927 0.187465
0.928 0.186635
0.929 0.185777
0.93 0.18489
0.931 0.183975
0.932 0.183032
0.933 0.182063
0.934 0.181067
0.935 0.180046
0.936 0.178999
0.937 0.177929
0.938 0.176834
0.939 0.175717
0.94 0.174577
0.941 0.173416
0.942 0.172234
0.943 0.171032
0.944 0.169809
0.945 0.168569
0.946 0.16731
0.947 0.166033
0.948 0.16474
0.949 0.163431
0.95 0.162107
0.951 0.160768
0.952 0.159415
0.953 0.15805
0.954 0.156672
0.955 0.155282
0.956 0.153882
0.957 0.152472
0.958 0.151052
0.959 0.149624
0.96 0.148188
0.961 0.146745
0.962 0.145295
0.963 0.14384
0.964 0.142381
0.965 0.140917
0.966 0.13945
0.967 0.13798
0.968 0.136509
0.969 0.135036
0.97 0.133563
0.971 0.132091
0.972 0.13062
0.973 0.12915
0.974 0.127684
0.975 0.12622
0.976 0.124761
0.977 0.123306
0.978 0.121857
0.979 0.120415
0.98 0.118979
0.981 0.117551
0.982 0.116131
0.983 0.114721
0.984 0.11332
0.985 0.111929
0.986 0.11055
0.987 0.109182
0.988 0.107827
0.989 0.106485
0.99 0.105157
0.991 0.103843
0.992 0.102545
0.993 0.101262
0.994 0.0999954
0.995 0.0987459
0.996 0.0975139
0.997 0.0963002
0.998 0.0951052
0.999 0.0939296
