-5.1922 329.096
-5.08817 326.791
-4.98414 327.909
-4.88011 327.962
-4.77608 327.898
-4.67205 327.31
-4.56801 328.422
-4.46398 328.043
-4.35995 328.081
-4.25592 327.773
-4.15189 328.083
-4.04785 328.143
-3.94382 328.397
-3.83979 327.435
-3.73576 329.063
-3.63173 327.857
-3.52769 328.261
-3.42366 327.69
-3.31963 328.155
-3.2156 328.831
-3.11157 328.05
-3.00753 329.903
-2.9035 331.784
-2.79947 335.505
-2.69544 347.041
-2.59141 361.659
-2.48738 383.882
-2.38334 405.12
-2.27931 422.739
-2.17528 428.414
-2.07125 424.774
-1.96722 412.804
-1.86318 393.742
-1.75915 373.095
-1.65512 352.735
-1.55109 341.543
-1.44706 336.843
-1.34302 336.754
-1.23899 337.791
-1.13496 337.183
-1.03093 335.416
-0.9269 330.631
-0.82287 323.191
-0.71883 311.94
-0.6148 301.642
-0.51077 291.638
-0.40674 279.965
-0.30271 263.878
-0.19867 243.954
-0.09464 231.56
0.00939 232.155
0.11342 246.397
0.21745 266.545
0.32149 281.628
0.42552 292.455
0.52955 302.613
0.63358 313.581
0.73761 323.905
0.84164 332.088
0.94568 336.194
1.04971 337.482
1.15374 337.778
1.25777 337.278
1.3618 337.688
1.46584 343.158
1.56987 355.04
1.6739 374.562
1.77793 395.848
1.88196 414.172
1.986 424.606
2.09003 427.786
2.19406 422.082
2.29809 403.137
2.40212 380.765
2.50615 360.196
2.61019 345.015
2.71422 335.979
2.81825 330.755
2.92228 329.278
3.02631 329.315
3.13035 328.584
3.23438 328.356
3.33841 328.254
3.44244 328.348
3.54647 327.426
3.65051 328.44
3.75454 327.931
3.85857 327.943
3.9626 328.366
4.06663 327.85
4.17066 328.205
4.2747 328.709
4.37873 327.633
4.48276 327.954
4.58679 328.302
4.69082 327.621
4.79488 327.831
4.89888 327.96
5.00288 328.28
5.10698 326.884
