0 1.43304
0.001 1.43245
0.002 1.43066
0.003 1.42767
0.004 1.4235
0.005 1.41814
0.006 1.4116
0.007 1.40388
0.008 1.39498
0.009 1.38491
0.01 1.37368
0.011 1.3613
0.012 1.34776
0.013 1.33309
0.014 1.31728
0.015 1.30035
0.016 1.28232
0.017 1.26318
0.018 1.24296
0.019 1.22166
0.02 1.1993
0.021 1.17589
0.022 1.15145
0.023 1.126
0.024 1.09953
0.025 1.07209
0.026 1.04367
0.027 1.0143
0.028 0.98399
0.029 0.952768
0.03 0.920648
0.031 0.887649
0.032 0.853791
0.033 0.819095
0.034 0.78358
0.035 0.747269
0.036 0.710181
0.037 0.67234
0.038 0.633767
0.039 0.594484
0.04 0.554515
0.041 0.513882
0.042 0.472609
0.043 0.430719
0.044 0.388236
0.045 0.345184
0.046 0.301587
0.047 0.25747
0.048 0.212858
0.049 0.167774
0.05 0.122245
0.051 0.0762937
0.052 0.0299466
0.053 0.0167716
0.054 0.0638356
0.055 0.11122
0.056 0.158901
0.057 0.206851
0.058 0.255047
0.059 0.303463
0.06 0.352074
0.061 0.400855
0.062 0.44978
0.063 0.498826
0.064 0.547967
0.065 0.597179
0.066 0.646437
0.067 0.695718
0.068 0.744996
0.069 0.794248
0.07 0.843451
0.071 0.89258
0.072 0.941613
0.073 0.990526
0.074 1.0393
0.075 1.0879
0.076 1.13632
0.077 1.18453
0.078 1.23251
0.079 1.28023
0.08 1.32768
0.081 1.37484
0.082 1.42168
0.083 1.46819
0.084 1.51434
0.085 1.56011
0.086 1.60549
0.087 1.65046
0.088 1.695
0.089 1.73908
0.09 1.7827
0.091 1.82583
0.092 1.86847
0.093 1.91058
0.094 1.95216
0.095 1.99318
0.096 2.03364
0.097 2.07352
0.098 2.1128
0.099 2.15146
0.1 2.1895
0.101 2.22691
0.102 2.26366
0.103 2.29974
0.104 2.33514
0.105 2.36986
0.106 2.40387
0.107 2.43717
0.108 2.46974
0.109 2.50157
0.11 2.53266
0.111 2.56299
0.112 2.59256
0.113 2.62135
0.114 2.64935
0.115 2.67657
0.116 2.70298
0.117 2.72858
0.118 2.75336
0.119 2.77732
0.12 2.80045
0.121 2.82275
0.122 2.8442
0.123 2.8648
0.124 2.88454
0.125 2.90343
0.126 2.92145
0.127 2.9386
0.128 2.95488
0.129 2.97028
0.13 2.9848
0.131 2.99844
0.132 3.01119
0.133 3.02305
0.134 3.03402
0.135 3.04409
0.136 3.05328
0.137 3.06156
0.138 3.06895
0.139 3.07544
0.14 3.08104
0.141 3.08573
0.142 3.08953
0.143 3.09244
0.144 3.09444
0.145 3.09555
0.146 3.09577
0.147 3.0951
0.148 3.09354
0.149 3.09109
0.15 3.08776
0.151 3.08355
0.152 3.07846
0.153 3.0725
0.154 3.06567
0.155 3.05797
0.156 3.04941
0.157 3.04
0.158 3.02974
0.159 3.01863
0.16 3.00669
0.161 2.99391
0.162 2.98031
0.163 2.96588
0.164 2.95065
0.165 2.93461
0.166 2.91777
0.167 2.90015
0.168 2.88175
0.169 2.86257
0.17 2.84263
0.171 2.82194
0.172 2.8005
0.173 2.77834
0.174 2.75544
0.175 2.73184
0.176 2.70753
0.177 2.68253
0.178 2.65685
0.179 2.63051
0.18 2.60351
0.181 2.57586
0.182 2.54759
0.183 2.5187
0.184 2.4892
0.185 2.45911
0.186 2.42844
0.187 2.39721
0.188 2.36543
0.189 2.33312
0.19 2.30029
0.191 2.26695
0.192 2.23312
0.193 2.19882
0.194 2.16406
0.195 2.12886
0.196 2.09323
0.197 2.05719
0.198 2.02076
0.199 1.98395
0.2 1.94679
0.201 1.90928
0.202 1.87145
0.203 1.83332
0.204 1.79489
0.205 1.75619
0.206 1.71724
0.207 1.67806
0.208 1.63866
0.209 1.59906
0.21 1.55928
0.211 1.51934
0.212 1.47926
0.213 1.43906
0.214 1.39875
0.215 1.35836
0.216 1.3179
0.217 1.27739
0.218 1.23685
0.219 1.19631
0.22 1.15577
0.221 1.11526
0.222 1.0748
0.223 1.03441
0.224 0.994098
0.225 0.953892
0.226 0.913809
0.227 0.873867
0.228 0.834084
0.229 0.79448
0.23 0.755071
0.231 0.715877
0.232 0.676915
0.233 0.638204
0.234 0.59976
0.235 0.561601
0.236 0.523745
0.237 0.486208
0.238 0.449008
0.239 0.41216
0.24 0.375682
0.241 0.339589
0.242 0.303897
0.243 0.268622
0.244 0.233779
0.245 0.199382
0.246 0.165448
0.247 0.131989
0.248 0.0990206
0.249 0.0665557
0.25 0.034608
0.251 0.00319034
0.252 0.0276845
0.253 0.0580042
0.254 0.0877569
0.255 0.116931
0.256 0.145515
0.257 0.173499
0.258 0.200871
0.259 0.227623
0.26 0.253744
0.261 0.279226
0.262 0.304058
0.263 0.328234
0.264 0.351745
0.265 0.374584
0.266 0.396743
0.267 0.418216
0.268 0.438997
0.269 0.45908
0.27 0.478459
0.271 0.49713
0.272 0.515087
0.273 0.532328
0.274 0.548849
0.275 0.564645
0.276 0.579715
0.277 0.594056
0.278 0.607667
0.279 0.620545
0.28 0.63269
0.281 0.644101
0.282 0.654778
0.283 0.664721
0.284 0.67393
0.285 0.682407
0.286 0.690154
0.287 0.697171
0.288 0.703462
0.289 0.709029
0.29 0.713874
0.291 0.718001
0.292 0.721415
0.293 0.724118
0.294 0.726116
0.295 0.727413
0.296 0.728014
0.297 0.727925
0.298 0.727152
0.299 0.725701
0.3 0.723578
0.301 0.720791
0.302 0.717345
0.303 0.713249
0.304 0.70851
0.305 0.703137
0.306 0.697136
0.307 0.690518
0.308 0.683289
0.309 0.675461
0.31 0.667041
0.311 0.658039
0.312 0.648465
0.313 0.638328
0.314 0.627639
0.315 0.616408
0.316 0.604645
0.317 0.592361
0.318 0.579566
0.319 0.566273
0.32 0.552491
0.321 0.538233
0.322 0.523508
0.323 0.50833
0.324 0.49271
0.325 0.476659
0.326 0.460189
0.327 0.443312
0.328 0.426041
0.329 0.408387
0.33 0.390363
0.331 0.371981
0.332 0.353254
0.333 0.334194
0.334 0.314812
0.335 0.295123
0.336 0.275138
0.337 0.254871
0.338 0.234333
0.339 0.213537
0.34 0.192497
0.341 0.171224
0.342 0.149732
0.343 0.128032
0.344 0.106139
0.345 0.0840637
0.346 0.0618197
0.347 0.0394194
0.348 0.0168754
0.349 0.0057997
0.35 0.0285935
0.351 0.0514934
0.352 0.074487
0.353 0.0975619
0.354 0.120706
0.355 0.143906
0.356 0.167152
0.357 0.190429
0.358 0.213727
0.359 0.237033
0.36 0.260336
0.361 0.283623
0.362 0.306883
0.363 0.330104
0.364 0.353274
0.365 0.376383
0.366 0.399418
0.367 0.422369
0.368 0.445225
0.369 0.467973
0.37 0.490604
0.371 0.513106
0.372 0.53547
0.373 0.557683
0.374 0.579736
0.375 0.601619
0.376 0.62332
0.377 0.644831
0.378 0.666142
0.379 0.687241
0.38 0.708121
0.381 0.728771
0.382 0.749181
0.383 0.769344
0.384 0.789249
0.385 0.808889
0.386 0.828253
0.387 0.847334
0.388 0.866123
0.389 0.884612
0.39 0.902793
0.391 0.920658
0.392 0.938199
0.393 0.955409
0.394 0.97228
0.395 0.988806
0.396 1.00498
0.397 1.02079
0.398 1.03624
0.399 1.05132
0.4 1.06601
0.401 1.08032
0.402 1.09425
0.403 1.10777
0.404 1.12089
0.405 1.13361
0.406 1.14592
0.407 1.15781
0.408 1.16928
0.409 1.18032
0.41 1.19094
0.411 1.20112
0.412 1.21087
0.413 1.22017
0.414 1.22904
0.415 1.23745
0.416 1.24542
0.417 1.25294
0.418 1.26
0.419 1.26661
0.42 1.27276
0.421 1.27845
0.422 1.28369
0.423 1.28846
0.424 1.29277
0.425 1.29662
0.426 1.3
0.427 1.30292
0.428 1.30538
0.429 1.30738
0.43 1.30891
0.431 1.30999
0.432 1.3106
0.433 1.31076
0.434 1.31046
0.435 1.3097
0.436 1.3085
0.437 1.30684
0.438 1.30473
0.439 1.30218
0.44 1.29919
0.441 1.29576
0.442 1.29189
0.443 1.28759
0.444 1.28286
0.445 1.27771
0.446 1.27214
0.447 1.26616
0.448 1.25976
0.449 1.25296
0.45 1.24576
0.451 1.23817
0.452 1.23018
0.453 1.22181
0.454 1.21306
0.455 1.20395
0.456 1.19446
0.457 1.18462
0.458 1.17443
0.459 1.16388
0.46 1.15301
0.461 1.14179
0.462 1.13026
0.463 1.11841
0.464 1.10624
0.465 1.09378
0.466 1.08102
0.467 1.06797
0.468 1.05465
0.469 1.04105
0.47 1.0272
0.471 1.01308
0.472 0.998726
0.473 0.98413
0.474 0.969306
0.475 0.954261
0.476 0.939004
0.477 0.923544
0.478 0.907889
0.479 0.892048
0.48 0.876031
0.481 0.859845
0.482 0.8435
0.483 0.827005
0.484 0.810368
0.485 0.793598
0.486 0.776704
0.487 0.759696
0.488 0.742581
0.489 0.72537
0.49 0.70807
0.491 0.69069
0.492 0.673239
0.493 0.655727
0.494 0.638161
0.495 0.62055
0.496 0.602903
0.497 0.585228
0.498 0.567534
0.499 0.549829
0.5 0.532122
0.501 0.51442
0.502 0.496732
0.503 0.479066
0.504 0.461429
0.505 0.443831
0.506 0.426277
0.507 0.408777
0.508 0.391337
0.509 0.373966
0.51 0.356669
0.511 0.339455
0.512 0.322331
0.513 0.305304
0.514 0.288379
0.515 0.271565
0.516 0.254868
0.517 0.238294
0.518 0.221849
0.519 0.20554
0.52 0.189372
0.521 0.173352
0.522 0.157486
0.523 0.141778
0.524 0.126234
0.525 0.11086
0.526 0.0956608
0.527 0.0806414
0.528 0.0658067
0.529 0.0511614
0.53 0.0367101
0.531 0.0224571
0.532 0.00840692
0.533 0.0054365
0.534 0.0190691
0.535 0.0324871
0.536 0.0456868
0.537 0.0586646
0.538 0.0714172
0.539 0.0839413
0.54 0.0962338
0.541 0.108292
0.542 0.120112
0.543 0.131693
0.544 0.143031
0.545 0.154124
0.546 0.16497
0.547 0.175567
0.548 0.185912
0.549 0.196004
0.55 0.205842
0.551 0.215423
0.552 0.224746
0.553 0.23381
0.554 0.242614
0.555 0.251157
0.556 0.259437
0.557 0.267455
0.558 0.275208
0.559 0.282698
0.56 0.289922
0.561 0.296882
0.562 0.303576
0.563 0.310005
0.564 0.316168
0.565 0.322067
0.566 0.3277
0.567 0.333069
0.568 0.338174
0.569 0.343015
0.57 0.347594
0.571 0.35191
0.572 0.355965
0.573 0.35976
0.574 0.363296
0.575 0.366573
0.576 0.369594
0.577 0.37236
0.578 0.374872
0.579 0.377131
0.58 0.379139
0.581 0.380899
0.582 0.382411
0.583 0.383678
0.584 0.384702
0.585 0.385484
0.586 0.386027
0.587 0.386333
0.588 0.386405
0.589 0.386245
0.59 0.385854
0.591 0.385237
0.592 0.384395
0.593 0.383331
0.594 0.382048
0.595 0.380548
0.596 0.378835
0.597 0.376912
0.598 0.374782
0.599 0.372447
0.6 0.369911
0.601 0.367177
0.602 0.364248
0.603 0.361129
0.604 0.357822
0.605 0.35433
0.606 0.350658
0.607 0.346808
0.608 0.342785
0.609 0.338593
0.61 0.334234
0.611 0.329713
0.612 0.325034
0.613 0.320201
0.614 0.315217
0.615 0.310086
0.616 0.304814
0.617 0.299403
0.618 0.293857
0.619 0.288182
0.62 0.282381
0.621 0.276458
0.622 0.270418
0.623 0.264265
0.624 0.258004
0.625 0.251638
0.626 0.245172
0.627 0.238611
0.628 0.231958
0.629 0.225219
0.63 0.218397
0.631 0.211498
0.632 0.204525
0.633 0.197483
0.634 0.190377
0.635 0.183212
0.636 0.175991
0.637 0.168718
0.638 0.1614
0.639 0.15404
0.64 0.146642
0.641 0.139211
0.642 0.131751
0.643 0.124267
0.644 0.116764
0.645 0.109245
0.646 0.101715
0.647 0.0941785
0.648 0.0866394
0.649 0.0791022
0.65 0.0715709
0.651 0.0640499
0.652 0.0565433
0.653 0.0490551
0.654 0.0415894
0.655 0.0341502
0.656 0.0267414
0.657 0.019367
0.658 0.0120307
0.659 0.00473638
0.66 0.00251229
0.661 0.00971166
0.662 0.0168581
0.663 0.0239482
0.664 0.0309785
0.665 0.0379455
0.666 0.0448461
0.667 0.0516769
0.668 0.0584349
0.669 0.0651169
0.67 0.0717201
0.671 0.0782415
0.672 0.0846784
0.673 0.0910279
0.674 0.0972876
0.675 0.103455
0.676 0.109527
0.677 0.115502
0.678 0.121378
0.679 0.127151
0.68 0.132821
0.681 0.138386
0.682 0.143842
0.683 0.14919
0.684 0.154426
0.685 0.15955
0.686 0.164559
0.687 0.169453
0.688 0.17423
0.689 0.17889
0.69 0.18343
0.691 0.18785
0.692 0.192149
0.693 0.196326
0.694 0.200381
0.695 0.204312
0.696 0.20812
0.697 0.211805
0.698 0.215364
0.699 0.218799
0.7 0.22211
0.701 0.225295
0.702 0.228356
0.703 0.231293
0.704 0.234105
0.705 0.236792
0.706 0.239356
0.707 0.241797
0.708 0.244115
0.709 0.246311
0.71 0.248386
0.711 0.25034
0.712 0.252174
0.713 0.253889
0.714 0.255486
0.715 0.256966
0.716 0.258331
0.717 0.259581
0.718 0.260717
0.719 0.261741
0.72 0.262655
0.721 0.263459
0.722 0.264155
0.723 0.264744
0.724 0.265229
0.725 0.26561
0.726 0.265889
0.727 0.266068
0.728 0.266148
0.729 0.266132
0.73 0.266021
0.731 0.265816
0.732 0.26552
0.733 0.265134
0.734 0.26466
0.735 0.264101
0.736 0.263457
0.737 0.262732
0.738 0.261926
0.739 0.261041
0.74 0.260081
0.741 0.259046
0.742 0.257938
0.743 0.25676
0.744 0.255513
0.745 0.2542
0.746 0.252822
0.747 0.251382
0.748 0.24988
0.749 0.24832
0.75 0.246703
0.751 0.245031
0.752 0.243306
0.753 0.24153
0.754 0.239704
0.755 0.237832
0.756 0.235913
0.757 0.233952
0.758 0.231948
0.759 0.229905
0.76 0.227823
0.761 0.225705
0.762 0.223553
0.763 0.221367
0.764 0.219151
0.765 0.216905
0.766 0.214631
0.767 0.212332
0.768 0.210008
0.769 0.207661
0.77 0.205293
0.771 0.202906
0.772 0.200501
0.773 0.198079
0.774 0.195642
0.775 0.193192
0.776 0.190729
0.777 0.188256
0.778 0.185774
0.779 0.183285
0.78 0.180789
0.781 0.178287
0.782 0.175783
0.783 0.173276
0.784 0.170767
0.785 0.16826
0.786 0.165753
0.787 0.163249
0.788 0.16075
0.789 0.158255
0.79 0.155766
0.791 0.153285
0.792 0.150813
0.793 0.14835
0.794 0.145898
0.795 0.143458
0.796 0.141031
0.797 0.138618
0.798 0.136219
0.799 0.133837
0.8 0.131471
0.801 0.129124
0.802 0.126795
0.803 0.124487
0.804 0.122199
0.805 0.119932
0.806 0.117688
0.807 0.115468
0.808 0.113271
0.809 0.1111
0.81 0.108955
0.811 0.106836
0.812 0.104745
0.813 0.102682
0.814 0.100648
0.815 0.0986439
0.816 0.0966701
0.817 0.0947273
0.818 0.0928164
0.819 0.090938
0.82 0.0890926
0.821 0.0872809
0.822 0.0855036
0.823 0.0837611
0.824 0.0820541
0.825 0.0803831
0.826 0.0787486
0.827 0.0771511
0.828 0.0755912
0.829 0.0740691
0.83 0.0725854
0.831 0.0711405
0.832 0.0697348
0.833 0.0683686
0.834 0.0670422
0.835 0.065756
0.836 0.0645103
0.837 0.0633053
0.838 0.0621412
0.839 0.0610183
0.84 0.0599367
0.841 0.0588966
0.842 0.0578981
0.843 0.0569414
0.844 0.0560264
0.845 0.0551531
0.846 0.0543218
0.847 0.0535322
0.848 0.0527843
0.849 0.0520781
0.85 0.0514135
0.851 0.0507902
0.852 0.0502082
0.853 0.0496673
0.854 0.0491671
0.855 0.0487074
0.856 0.0482879
0.857 0.0479084
0.858 0.0475684
0.859 0.0472675
0.86 0.0470054
0.861 0.0467816
0.862 0.0465955
0.863 0.0464467
0.864 0.0463347
0.865 0.0462588
0.866 0.0462185
0.867 0.0462132
0.868 0.0462421
0.869 0.0463047
0.87 0.0464001
0.871 0.0465277
0.872 0.0466868
0.873 0.0468764
0.874 0.0470959
0.875 0.0473443
0.876 0.0476209
0.877 0.0479247
0.878 0.0482549
0.879 0.0486105
0.88 0.0489906
0.881 0.0493943
0.882 0.0498206
0.883 0.0502685
0.884 0.050737
0.885 0.0512251
0.886 0.0517318
0.887 0.0522561
0.888 0.0527969
0.889 0.0533532
0.89 0.0539239
0.891 0.0545079
0.892 0.0551043
0.893 0.0557119
0.894 0.0563296
0.895 0.0569564
0.896 0.0575913
0.897 0.0582331
0.898 0.0588808
0.899 0.0595333
0.9 0.0601896
0.901 0.0608487
0.902 0.0615095
0.903 0.062171
0.904 0.0628321
0.905 0.063492
0.906 0.0641495
0.907 0.0648037
0.908 0.0654537
0.909 0.0660985
0.91 0.0667372
0.911 0.067369
0.912 0.0679928
0.913 0.0686079
0.914 0.0692134
0.915 0.0698085
0.916 0.0703925
0.917 0.0709645
0.918 0.0715238
0.919 0.0720698
0.92 0.0726016
0.921 0.0731187
0.922 0.0736205
0.923 0.0741062
0.924 0.0745755
0.925 0.0750276
0.926 0.0754622
0.927 0.0758787
0.928 0.0762767
0.929 0.0766557
0.93 0.0770154
0.931 0.0773554
0.932 0.0776754
0.933 0.0779751
0.934 0.0782543
0.935 0.0785127
0.936 0.0787501
0.937 0.0789663
0.938 0.0791612
0.939 0.0793348
0.94 0.0794868
0.941 0.0796174
0.942 0.0797264
0.943 0.0798139
0.944 0.0798799
0.945 0.0799245
0.946 0.0799478
0.947 0.0799499
0.948 0.0799309
0.949 0.0798911
0.95 0.0798306
0.951 0.0797496
0.952 0.0796485
0.953 0.0795274
0.954 0.0793866
0.955 0.0792265
0.956 0.0790474
0.957 0.0788496
0.958 0.0786335
0.959 0.0783995
0.96 0.078148
0.961 0.0778794
0.962 0.077594
0.963 0.0772924
0.964 0.076975
0.965 0.0766423
0.966 0.0762946
0.967 0.0759326
0.968 0.0755567
0.969 0.0751673
0.97 0.074765
0.971 0.0743503
0.972 0.0739237
0.973 0.0734857
0.974 0.0730368
0.975 0.0725775
0.976 0.0721083
0.977 0.0716298
0.978 0.0711424
0.979 0.0706467
0.98 0.0701432
0.981 0.0696323
0.982 0.0691146
0.983 0.0685906
0.984 0.0680607
0.985 0.0675254
0.986 0.0669853
0.987 0.0664406
0.988 0.065892
0.989 0.0653399
0.99 0.0647846
0.991 0.0642266
0.992 0.0636664
0.993 0.0631044
0.994 0.0625409
0.995 0.0619763
0.996 0.061411
0.997 0.0608453
0.998 0.0602797
0.999 0.0597144
