-4.08955 334.846
-4.00656 333.51
-3.92358 333.622
-3.84059 332.589
-3.75761 333.435
-3.67462 333.307
-3.59164 333.07
-3.50866 333.149
-3.42567 333.877
-3.34269 333.258
-3.2597 334.736
-3.17672 333.804
-3.09373 333.801
-3.01075 336.087
-2.92776 336.046
-2.84478 340.272
-2.76179 345.446
-2.67881 354.487
-2.59583 367.696
-2.51284 384.005
-2.42986 403.115
-2.34687 416.592
-2.26389 428.788
-2.1809 432.474
-2.09792 430.686
-2.01493 421.304
-1.93195 413.482
-1.84896 401.522
-1.76598 385.871
-1.683 370.133
-1.60001 354.067
-1.51703 342.51
-1.43404 332.983
-1.35106 326.192
-1.26807 322.965
-1.18509 321.622
-1.1021 319.787
-1.01912 319.033
-0.93613 317.476
-0.85315 313.035
-0.77017 308.094
-0.68718 301.376
-0.6042 294.386
-0.52121 287.921
-0.43823 278.755
-0.35524 269.354
-0.27226 255.113
-0.18927 241.131
-0.10629 226.516
-0.0233 216.994
0.05968 218.187
0.14267 225.309
0.22565 239.084
0.30863 254.386
0.39162 267.853
0.4746 278.383
0.55759 287.098
0.64057 293.921
0.72356 301.428
0.80654 307.982
0.88953 313.881
0.97251 317.583
1.05549 319.504
1.13848 320.943
1.22146 321.029
1.30445 324.075
1.38743 326.251
1.47042 332.066
1.5534 341.371
1.63639 352.91
1.71937 368.262
1.80236 384.696
1.88534 400.072
1.96833 412.806
2.05131 422.148
2.13429 430.286
2.21728 433.102
2.30026 429.05
2.38325 421.188
2.46623 404.544
2.54922 384.907
2.6322 368.615
2.71519 356.702
2.79817 344.459
2.88116 340.36
2.96414 336.95
3.04712 334.668
3.13011 334.741
3.21309 333.114
3.29608 333.697
3.37906 333.812
3.46205 332.066
3.54503 334.538
3.62802 333.68
3.711 332.503
3.79399 333.013
3.87697 333.49
3.95995 333.54
4.04294 332.24
4.12592 332.303
