0 0.588547
0.001 0.587976
0.002 0.586263
0.003 0.583409
0.004 0.579416
0.005 0.574286
0.006 0.568022
0.007 0.560627
0.008 0.552106
0.009 0.542463
0.01 0.531704
0.011 0.519836
0.012 0.506864
0.013 0.492796
0.014 0.47764
0.015 0.461405
0.016 0.4441
0.017 0.425734
0.018 0.406319
0.019 0.385865
0.02 0.364383
0.021 0.341886
0.022 0.318386
0.023 0.293897
0.024 0.268433
0.025 0.242007
0.026 0.214635
0.027 0.186333
0.028 0.157115
0.029 0.127
0.03 0.0960026
0.031 0.0641415
0.032 0.0314342
0.033 0.00210083
0.034 0.0364448
0.035 0.0715784
0.036 0.107482
0.037 0.144135
0.038 0.181518
0.039 0.21961
0.04 0.258388
0.041 0.297832
0.042 0.33792
0.043 0.378629
0.044 0.419936
0.045 0.461819
0.046 0.504254
0.047 0.547218
0.048 0.590687
0.049 0.634637
0.05 0.679043
0.051 0.723881
0.052 0.769127
0.053 0.814755
0.054 0.860739
0.055 0.907056
0.056 0.953679
0.057 1.00058
0.058 1.04774
0.059 1.09513
0.06 1.14272
0.061 1.19049
0.062 1.23841
0.063 1.28645
0.064 1.3346
0.065 1.38282
0.066 1.43108
0.067 1.47936
0.068 1.52764
0.069 1.57589
0.07 1.62408
0.071 1.67219
0.072 1.72018
0.073 1.76804
0.074 1.81574
0.075 1.86326
0.076 1.91056
0.077 1.95763
0.078 2.00443
0.079 2.05095
0.08 2.09716
0.081 2.14303
0.082 2.18854
0.083 2.23367
0.084 2.27839
0.085 2.32268
0.086 2.36651
0.087 2.40987
0.088 2.45273
0.089 2.49507
0.09 2.53686
0.091 2.57809
0.092 2.61873
0.093 2.65876
0.094 2.69817
0.095 2.73693
0.096 2.77502
0.097 2.81242
0.098 2.84912
0.099 2.88509
0.1 2.92032
0.101 2.95479
0.102 2.98849
0.103 3.02139
0.104 3.05347
0.105 3.08474
0.106 3.11515
0.107 3.14472
0.108 3.17341
0.109 3.20122
0.11 3.22812
0.111 3.25412
0.112 3.27919
0.113 3.30333
0.114 3.32652
0.115 3.34875
0.116 3.37002
0.117 3.3903
0.118 3.4096
0.119 3.4279
0.12 3.4452
0.121 3.46149
0.122 3.47675
0.123 3.491
0.124 3.50421
0.125 3.51638
0.126 3.52751
0.127 3.53759
0.128 3.54663
0.129 3.55461
0.13 3.56153
0.131 3.56739
0.132 3.5722
0.133 3.57594
0.134 3.57862
0.135 3.58024
0.136 3.5808
0.137 3.5803
0.138 3.57874
0.139 3.57612
0.14 3.57245
0.141 3.56772
0.142 3.56195
0.143 3.55514
0.144 3.54728
0.145 3.5384
0.146 3.52848
0.147 3.51755
0.148 3.5056
0.149 3.49264
0.15 3.47868
0.151 3.46373
0.152 3.4478
0.153 3.43089
0.154 3.41302
0.155 3.39419
0.156 3.37442
0.157 3.35371
0.158 3.33208
0.159 3.30955
0.16 3.28611
0.161 3.26178
0.162 3.23658
0.163 3.21052
0.164 3.18362
0.165 3.15588
0.166 3.12732
0.167 3.09796
0.168 3.06781
0.169 3.03688
0.17 3.0052
0.171 2.97277
0.172 2.93962
0.173 2.90576
0.174 2.87121
0.175 2.83598
0.176 2.8001
0.177 2.76357
0.178 2.72642
0.179 2.68867
0.18 2.65033
0.181 2.61143
0.182 2.57197
0.183 2.53199
0.184 2.49149
0.185 2.45051
0.186 2.40905
0.187 2.36714
0.188 2.3248
0.189 2.28204
0.19 2.2389
0.191 2.19538
0.192 2.1515
0.193 2.1073
0.194 2.06279
0.195 2.01798
0.196 1.9729
0.197 1.92758
0.198 1.88202
0.199 1.83626
0.2 1.79031
0.201 1.74419
0.202 1.69792
0.203 1.65153
0.204 1.60503
0.205 1.55845
0.206 1.51181
0.207 1.46512
0.208 1.41841
0.209 1.37169
0.21 1.325
0.211 1.27834
0.212 1.23174
0.213 1.18521
0.214 1.13879
0.215 1.09248
0.216 1.04631
0.217 1.0003
0.218 0.954462
0.219 0.90882
0.22 0.863393
0.221 0.818199
0.222 0.773257
0.223 0.728585
0.224 0.684202
0.225 0.640125
0.226 0.596373
0.227 0.552962
0.228 0.509912
0.229 0.467237
0.23 0.424956
0.231 0.383085
0.232 0.34164
0.233 0.300638
0.234 0.260093
0.235 0.220023
0.236 0.180441
0.237 0.141364
0.238 0.102805
0.239 0.0647785
0.24 0.0272992
0.241 0.00961943
0.242 0.0459641
0.243 0.0817216
0.244 0.116879
0.245 0.151425
0.246 0.185347
0.247 0.218632
0.248 0.25127
0.249 0.283251
0.25 0.314562
0.251 0.345194
0.252 0.375137
0.253 0.404382
0.254 0.432919
0.255 0.460739
0.256 0.487835
0.257 0.514198
0.258 0.539821
0.259 0.564695
0.26 0.588816
0.261 0.612175
0.262 0.634767
0.263 0.656586
0.264 0.677628
0.265 0.697886
0.266 0.717357
0.267 0.736037
0.268 0.753922
0.269 0.771008
0.27 0.787293
0.271 0.802774
0.272 0.817449
0.273 0.831317
0.274 0.844376
0.275 0.856625
0.276 0.868064
0.277 0.878692
0.278 0.888511
0.279 0.897521
0.28 0.905722
0.281 0.913116
0.282 0.919706
0.283 0.925493
0.284 0.93048
0.285 0.93467
0.286 0.938066
0.287 0.940673
0.288 0.942494
0.289 0.943533
0.29 0.943797
0.291 0.943289
0.292 0.942015
0.293 0.939982
0.294 0.937196
0.295 0.933663
0.296 0.92939
0.297 0.924385
0.298 0.918654
0.299 0.912207
0.3 0.905051
0.301 0.897196
0.302 0.888649
0.303 0.87942
0.304 0.869518
0.305 0.858954
0.306 0.847737
0.307 0.835878
0.308 0.823387
0.309 0.810276
0.31 0.796554
0.311 0.782235
0.312 0.767329
0.313 0.751848
0.314 0.735804
0.315 0.71921
0.316 0.702078
0.317 0.684421
0.318 0.666253
0.319 0.647585
0.32 0.628432
0.321 0.608806
0.322 0.588723
0.323 0.568194
0.324 0.547236
0.325 0.525861
0.326 0.504084
0.327 0.481919
0.328 0.459382
0.329 0.436486
0.33 0.413246
0.331 0.389678
0.332 0.365796
0.333 0.341615
0.334 0.317151
0.335 0.292418
0.336 0.267433
0.337 0.242209
0.338 0.216763
0.339 0.19111
0.34 0.165265
0.341 0.139243
0.342 0.113061
0.343 0.086733
0.344 0.0602749
0.345 0.033702
0.346 0.00702972
0.347 0.0197267
0.348 0.0465521
0.349 0.0734311
0.35 0.100349
0.351 0.12729
0.352 0.154239
0.353 0.181182
0.354 0.208103
0.355 0.234989
0.356 0.261823
0.357 0.288593
0.358 0.315283
0.359 0.341879
0.36 0.368367
0.361 0.394733
0.362 0.420963
0.363 0.447044
0.364 0.472962
0.365 0.498704
0.366 0.524256
0.367 0.549606
0.368 0.574741
0.369 0.599648
0.37 0.624315
0.371 0.648729
0.372 0.67288
0.373 0.696754
0.374 0.720341
0.375 0.743629
0.376 0.766608
0.377 0.789266
0.378 0.811593
0.379 0.833578
0.38 0.855212
0.381 0.876485
0.382 0.897388
0.383 0.91791
0.384 0.938043
0.385 0.957779
0.386 0.977109
0.387 0.996025
0.388 1.01452
0.389 1.03258
0.39 1.05021
0.391 1.06739
0.392 1.08413
0.393 1.1004
0.394 1.11621
0.395 1.13156
0.396 1.14643
0.397 1.16082
0.398 1.17472
0.399 1.18814
0.4 1.20107
0.401 1.21349
0.402 1.22542
0.403 1.23684
0.404 1.24775
0.405 1.25816
0.406 1.26805
0.407 1.27743
0.408 1.28629
0.409 1.29463
0.41 1.30246
0.411 1.30976
0.412 1.31655
0.413 1.32281
0.414 1.32855
0.415 1.33377
0.416 1.33848
0.417 1.34266
0.418 1.34632
0.419 1.34947
0.42 1.3521
0.421 1.35422
0.422 1.35583
0.423 1.35693
0.424 1.35752
0.425 1.35762
0.426 1.35721
0.427 1.35631
0.428 1.35491
0.429 1.35303
0.43 1.35066
0.431 1.34782
0.432 1.3445
0.433 1.34071
0.434 1.33646
0.435 1.33175
0.436 1.32659
0.437 1.32098
0.438 1.31493
0.439 1.30845
0.44 1.30154
0.441 1.2942
0.442 1.28645
0.443 1.2783
0.444 1.26974
0.445 1.26079
0.446 1.25146
0.447 1.24174
0.448 1.23166
0.449 1.22121
0.45 1.21042
0.451 1.19927
0.452 1.18779
0.453 1.17598
0.454 1.16384
0.455 1.1514
0.456 1.13865
0.457 1.12561
0.458 1.11229
0.459 1.09868
0.46 1.08481
0.461 1.07069
0.462 1.05631
0.463 1.04169
0.464 1.02685
0.465 1.01178
0.466 0.996502
0.467 0.981021
0.468 0.965349
0.469 0.949493
0.47 0.933464
0.471 0.917271
0.472 0.900923
0.473 0.884431
0.474 0.867803
0.475 0.85105
0.476 0.834179
0.477 0.817202
0.478 0.800127
0.479 0.782964
0.48 0.765722
0.481 0.748411
0.482 0.731039
0.483 0.713616
0.484 0.69615
0.485 0.678652
0.486 0.661129
0.487 0.643592
0.488 0.626048
0.489 0.608506
0.49 0.590976
0.491 0.573465
0.492 0.555982
0.493 0.538536
0.494 0.521134
0.495 0.503785
0.496 0.486497
0.497 0.469278
0.498 0.452136
0.499 0.435077
0.5 0.418111
0.501 0.401243
0.502 0.384483
0.503 0.367836
0.504 0.351309
0.505 0.334911
0.506 0.318646
0.507 0.302523
0.508 0.286547
0.509 0.270724
0.51 0.255062
0.511 0.239565
0.512 0.22424
0.513 0.209093
0.514 0.194128
0.515 0.179351
0.516 0.164769
0.517 0.150384
0.518 0.136203
0.519 0.12223
0.52 0.10847
0.521 0.0949273
0.522 0.0816057
0.523 0.0685094
0.524 0.0556425
0.525 0.0430086
0.526 0.0306112
0.527 0.0184539
0.528 0.00653979
0.529 0.00512805
0.53 0.0165467
0.531 0.0277135
0.532 0.0386258
0.533 0.0492813
0.534 0.0596776
0.535 0.0698128
0.536 0.079685
0.537 0.0892923
0.538 0.0986333
0.539 0.107706
0.54 0.116511
0.541 0.125045
0.542 0.133307
0.543 0.141298
0.544 0.149017
0.545 0.156462
0.546 0.163635
0.547 0.170533
0.548 0.177159
0.549 0.18351
0.55 0.189589
0.551 0.195395
0.552 0.200929
0.553 0.206191
0.554 0.211183
0.555 0.215905
0.556 0.220359
0.557 0.224545
0.558 0.228465
0.559 0.232121
0.56 0.235513
0.561 0.238645
0.562 0.241517
0.563 0.244132
0.564 0.246491
0.565 0.248598
0.566 0.250453
0.567 0.252061
0.568 0.253422
0.569 0.25454
0.57 0.255418
0.571 0.256058
0.572 0.256464
0.573 0.256637
0.574 0.256582
0.575 0.256301
0.576 0.255799
0.577 0.255077
0.578 0.25414
0.579 0.252991
0.58 0.251633
0.581 0.250071
0.582 0.248308
0.583 0.246348
0.584 0.244194
0.585 0.241851
0.586 0.239323
0.587 0.236613
0.588 0.233725
0.589 0.230665
0.59 0.227435
0.591 0.22404
0.592 0.220485
0.593 0.216773
0.594 0.21291
0.595 0.208899
0.596 0.204744
0.597 0.200451
0.598 0.196023
0.599 0.191466
0.6 0.186783
0.601 0.181979
0.602 0.177059
0.603 0.172027
0.604 0.166888
0.605 0.161646
0.606 0.156306
0.607 0.150873
0.608 0.14535
0.609 0.139743
0.61 0.134056
0.611 0.128294
0.612 0.122461
0.613 0.116561
0.614 0.110601
0.615 0.104582
0.616 0.0985117
0.617 0.0923927
0.618 0.0862299
0.619 0.0800279
0.62 0.0737908
0.621 0.0675233
0.622 0.0612295
0.623 0.0549138
0.624 0.0485805
0.625 0.0422338
0.626 0.035878
0.627 0.0295171
0.628 0.0231554
0.629 0.0167968
0.63 0.0104455
0.631 0.00410536
0.632 0.00221961
0.633 0.00852555
0.634 0.0148086
0.635 0.021065
0.636 0.0272911
0.637 0.0334831
0.638 0.0396374
0.639 0.0457505
0.64 0.0518189
0.641 0.0578393
0.642 0.0638081
0.643 0.0697221
0.644 0.0755782
0.645 0.081373
0.646 0.0871036
0.647 0.092767
0.648 0.0983601
0.649 0.10388
0.65 0.109324
0.651 0.114689
0.652 0.119974
0.653 0.125174
0.654 0.130288
0.655 0.135313
0.656 0.140247
0.657 0.145087
0.658 0.149832
0.659 0.154479
0.66 0.159027
0.661 0.163473
0.662 0.167815
0.663 0.172053
0.664 0.176183
0.665 0.180204
0.666 0.184116
0.667 0.187916
0.668 0.191604
0.669 0.195177
0.67 0.198635
0.671 0.201976
0.672 0.2052
0.673 0.208306
0.674 0.211293
0.675 0.21416
0.676 0.216906
0.677 0.219531
0.678 0.222035
0.679 0.224416
0.68 0.226676
0.681 0.228812
0.682 0.230826
0.683 0.232717
0.684 0.234486
0.685 0.236131
0.686 0.237654
0.687 0.239055
0.688 0.240334
0.689 0.241491
0.69 0.242527
0.691 0.243443
0.692 0.244239
0.693 0.244916
0.694 0.245475
0.695 0.245916
0.696 0.246241
0.697 0.24645
0.698 0.246545
0.699 0.246526
0.7 0.246396
0.701 0.246155
0.702 0.245804
0.703 0.245346
0.704 0.244781
0.705 0.244111
0.706 0.243338
0.707 0.242463
0.708 0.241488
0.709 0.240416
0.71 0.239246
0.711 0.237983
0.712 0.236627
0.713 0.23518
0.714 0.233645
0.715 0.232024
0.716 0.230318
0.717 0.22853
0.718 0.226662
0.719 0.224716
0.72 0.222695
0.721 0.220601
0.722 0.218436
0.723 0.216202
0.724 0.213903
0.725 0.211539
0.726 0.209115
0.727 0.206632
0.728 0.204093
0.729 0.2015
0.73 0.198856
0.731 0.196163
0.732 0.193425
0.733 0.190643
0.734 0.18782
0.735 0.184958
0.736 0.182061
0.737 0.179131
0.738 0.17617
0.739 0.173181
0.74 0.170167
0.741 0.16713
0.742 0.164073
0.743 0.160999
0.744 0.157909
0.745 0.154806
0.746 0.151694
0.747 0.148574
0.748 0.14545
0.749 0.142322
0.75 0.139195
0.751 0.13607
0.752 0.13295
0.753 0.129837
0.754 0.126734
0.755 0.123642
0.756 0.120565
0.757 0.117504
0.758 0.114462
0.759 0.11144
0.76 0.108442
0.761 0.105468
0.762 0.102522
0.763 0.0996048
0.764 0.0967189
0.765 0.0938661
0.766 0.0910483
0.767 0.0882674
0.768 0.0855252
0.769 0.0828234
0.77 0.0801637
0.771 0.0775478
0.772 0.0749773
0.773 0.0724537
0.774 0.0699785
0.775 0.0675532
0.776 0.0651792
0.777 0.0628578
0.778 0.0605902
0.779 0.0583778
0.78 0.0562215
0.781 0.0541227
0.782 0.0520822
0.783 0.0501011
0.784 0.0481804
0.785 0.0463208
0.786 0.0445232
0.787 0.0427884
0.788 0.0411171
0.789 0.0395098
0.79 0.0379672
0.791 0.0364897
0.792 0.0350779
0.793 0.0337321
0.794 0.0324526
0.795 0.0312398
0.796 0.0300939
0.797 0.029015
0.798 0.0280032
0.799 0.0270587
0.8 0.0261813
0.801 0.025371
0.802 0.0246277
0.803 0.0239513
0.804 0.0233414
0.805 0.0227979
0.806 0.0223204
0.807 0.0219085
0.808 0.0215617
0.809 0.0212797
0.81 0.0210618
0.811 0.0209076
0.812 0.0208162
0.813 0.0207872
0.814 0.0208198
0.815 0.0209131
0.816 0.0210665
0.817 0.021279
0.818 0.0215499
0.819 0.021878
0.82 0.0222626
0.821 0.0227026
0.822 0.023197
0.823 0.0237447
0.824 0.0243445
0.825 0.0249955
0.826 0.0256964
0.827 0.026446
0.828 0.0272431
0.829 0.0280865
0.83 0.0289749
0.831 0.029907
0.832 0.0308815
0.833 0.0318971
0.834 0.0329524
0.835 0.0340461
0.836 0.0351767
0.837 0.036343
0.838 0.0375434
0.839 0.0387765
0.84 0.040041
0.841 0.0413353
0.842 0.0426581
0.843 0.0440078
0.844 0.045383
0.845 0.0467823
0.846 0.0482041
0.847 0.049647
0.848 0.0511095
0.849 0.0525902
0.85 0.0540876
0.851 0.0556002
0.852 0.0571267
0.853 0.0586654
0.854 0.060215
0.855 0.0617741
0.856 0.0633413
0.857 0.064915
0.858 0.066494
0.859 0.0680768
0.86 0.0696621
0.861 0.0712484
0.862 0.0728345
0.863 0.0744191
0.864 0.0760008
0.865 0.0775783
0.866 0.0791504
0.867 0.0807158
0.868 0.0822733
0.869 0.0838217
0.87 0.0853597
0.871 0.0868863
0.872 0.0884003
0.873 0.0899006
0.874 0.0913861
0.875 0.0928557
0.876 0.0943083
0.877 0.0957431
0.878 0.0971589
0.879 0.0985549
0.88 0.0999301
0.881 0.101284
0.882 0.102615
0.883 0.103922
0.884 0.105205
0.885 0.106463
0.886 0.107696
0.887 0.108902
0.888 0.11008
0.889 0.111231
0.89 0.112353
0.891 0.113447
0.892 0.11451
0.893 0.115543
0.894 0.116545
0.895 0.117516
0.896 0.118455
0.897 0.119362
0.898 0.120236
0.899 0.121077
0.9 0.121885
0.901 0.122659
0.902 0.123399
0.903 0.124105
0.904 0.124776
0.905 0.125412
0.906 0.126014
0.907 0.12658
0.908 0.127111
0.909 0.127607
0.91 0.128067
0.911 0.128492
0.912 0.128881
0.913 0.129234
0.914 0.129552
0.915 0.129834
0.916 0.13008
0.917 0.130291
0.918 0.130467
0.919 0.130607
0.92 0.130712
0.921 0.130782
0.922 0.130817
0.923 0.130818
0.924 0.130784
0.925 0.130715
0.926 0.130613
0.927 0.130477
0.928 0.130307
0.929 0.130104
0.93 0.129868
0.931 0.129599
0.932 0.129298
0.933 0.128965
0.934 0.1286
0.935 0.128204
0.936 0.127777
0.937 0.127319
0.938 0.126831
0.939 0.126314
0.94 0.125767
0.941 0.125191
0.942 0.124587
0.943 0.123954
0.944 0.123294
0.945 0.122607
0.946 0.121893
0.947 0.121152
0.948 0.120386
0.949 0.119595
0.95 0.118778
0.951 0.117937
0.952 0.117073
0.953 0.116185
0.954 0.115274
0.955 0.114341
0.956 0.113385
0.957 0.112409
0.958 0.111411
0.959 0.110394
0.96 0.109356
0.961 0.108299
0.962 0.107224
0.963 0.10613
0.964 0.105018
0.965 0.103889
0.966 0.102744
0.967 0.101582
0.968 0.100405
0.969 0.0992122
0.97 0.0980052
0.971 0.0967842
0.972 0.0955497
0.973 0.0943023
0.974 0.0930424
0.975 0.0917706
0.976 0.0904875
0.977 0.0891935
0.978 0.0878893
0.979 0.0865753
0.98 0.0852521
0.981 0.0839202
0.982 0.0825801
0.983 0.0812325
0.984 0.0798777
0.985 0.0785165
0.986 0.0771492
0.987 0.0757764
0.988 0.0743987
0.989 0.0730165
0.99 0.0716305
0.991 0.0702412
0.992 0.068849
0.993 0.0674546
0.994 0.0660584
0.995 0.064661
0.996 0.0632629
0.997 0.0618647
0.998 0.0604669
0.999 0.0590699
