-4.03855 332.511
-3.95703 330.386
-3.8755 330.88
-3.79398 330.719
-3.71246 330.789
-3.63094 330.928
-3.54941 330.669
-3.46789 330.917
-3.38637 331.068
-3.30485 330.731
-3.22333 331.146
-3.1418 331.1
-3.06028 331.322
-2.97876 331.354
-2.89724 331.682
-2.81571 332.456
-2.73419 333.322
-2.65267 335.721
-2.57115 338.997
-2.48962 345.13
-2.4081 353.284
-2.32658 363.596
-2.24506 377.12
-2.16353 390.752
-2.08201 405.19
-2.00049 417.15
-1.91897 424.843
-1.83744 427.843
-1.75592 427.69
-1.6744 420.842
-1.59288 409.72
-1.51135 396.901
-1.42983 380.191
-1.34831 362.839
-1.26679 346.901
-1.18526 332.573
-1.10374 320.923
-1.02222 312.111
-0.9407 304.778
-0.85918 300.509
-0.77765 297.095
-0.69613 293.147
-0.61461 290.54
-0.53309 285.754
-0.45156 281.325
-0.37004 276.805
-0.28852 270.245
-0.207 265.759
-0.12547 261.61
-0.04395 259.432
0.03757 259.475
0.11909 261.57
0.20062 265.899
0.28214 270.812
0.36366 276.859
0.44518 281.666
0.52671 286.756
0.60823 290.648
0.68975 293.333
0.77127 297.529
0.8528 300.634
0.93432 305.38
1.01584 312.627
1.09736 321.756
1.17888 334.026
1.26041 349.398
1.34193 365.534
1.42345 382.747
1.50497 399.094
1.5865 411.725
1.66802 422.557
1.74954 428.614
1.83106 428.954
1.91259 423.583
1.99411 415.342
2.07563 401.743
2.15715 388.346
2.23868 374.868
2.3202 361.529
2.40172 351.712
2.48324 343.923
2.56477 339.639
2.64629 335.524
2.72781 333.176
2.80933 332.188
2.89086 331.531
2.97238 331.368
3.0539 330.966
3.13542 331.507
3.21695 330.706
3.29847 330.776
3.37999 331.159
3.46151 330.553
3.54303 331.168
3.62456 331
3.70608 331.05
3.7876 330.778
3.86912 331.153
3.95065 330.841
4.03217 329.654
