0 1.04831
0.001 1.04786
0.002 1.04654
0.003 1.04433
0.004 1.04124
0.005 1.03726
0.006 1.03241
0.007 1.02668
0.008 1.02008
0.009 1.01261
0.01 1.00427
0.011 0.995061
0.012 0.984996
0.013 0.974076
0.014 0.962307
0.015 0.949693
0.016 0.936241
0.017 0.921956
0.018 0.906846
0.019 0.890917
0.02 0.874177
0.021 0.856633
0.022 0.838293
0.023 0.819166
0.024 0.799261
0.025 0.778587
0.026 0.757153
0.027 0.734968
0.028 0.712045
0.029 0.688391
0.03 0.66402
0.031 0.638941
0.032 0.613166
0.033 0.586706
0.034 0.559575
0.035 0.531783
0.036 0.503344
0.037 0.474271
0.038 0.444576
0.039 0.414274
0.04 0.383377
0.041 0.3519
0.042 0.319856
0.043 0.28726
0.044 0.254127
0.045 0.220472
0.046 0.186309
0.047 0.151653
0.048 0.116521
0.049 0.0809268
0.05 0.0448871
0.051 0.00841749
0.052 0.0284659
0.053 0.0657468
0.054 0.103409
0.055 0.141436
0.056 0.179811
0.057 0.218518
0.058 0.257539
0.059 0.296858
0.06 0.336458
0.061 0.376322
0.062 0.416432
0.063 0.456772
0.064 0.497324
0.065 0.538071
0.066 0.578995
0.067 0.62008
0.068 0.661307
0.069 0.70266
0.07 0.744121
0.071 0.785673
0.072 0.827299
0.073 0.86898
0.074 0.9107
0.075 0.952442
0.076 0.994188
0.077 1.03592
0.078 1.07762
0.079 1.11928
0.08 1.16087
0.081 1.20238
0.082 1.2438
0.083 1.2851
0.084 1.32627
0.085 1.36729
0.086 1.40815
0.087 1.44883
0.088 1.48931
0.089 1.52959
0.09 1.56963
0.091 1.60943
0.092 1.64898
0.093 1.68825
0.094 1.72723
0.095 1.76591
0.096 1.80427
0.097 1.8423
0.098 1.87998
0.099 1.9173
0.1 1.95424
0.101 1.9908
0.102 2.02695
0.103 2.06269
0.104 2.098
0.105 2.13287
0.106 2.16728
0.107 2.20123
0.108 2.2347
0.109 2.26767
0.11 2.30015
0.111 2.33211
0.112 2.36355
0.113 2.39445
0.114 2.42481
0.115 2.45461
0.116 2.48384
0.117 2.5125
0.118 2.54057
0.119 2.56805
0.12 2.59492
0.121 2.62118
0.122 2.64681
0.123 2.67182
0.124 2.69619
0.125 2.71992
0.126 2.74299
0.127 2.7654
0.128 2.78715
0.129 2.80823
0.13 2.82862
0.131 2.84833
0.132 2.86735
0.133 2.88568
0.134 2.9033
0.135 2.92022
0.136 2.93643
0.137 2.95192
0.138 2.9667
0.139 2.98075
0.14 2.99408
0.141 3.00668
0.142 3.01855
0.143 3.02968
0.144 3.04008
0.145 3.04974
0.146 3.05866
0.147 3.06684
0.148 3.07427
0.149 3.08096
0.15 3.08691
0.151 3.09212
0.152 3.09658
0.153 3.10029
0.154 3.10327
0.155 3.1055
0.156 3.10698
0.157 3.10773
0.158 3.10774
0.159 3.107
0.16 3.10554
0.161 3.10334
0.162 3.1004
0.163 3.09674
0.164 3.09236
0.165 3.08725
0.166 3.08142
0.167 3.07487
0.168 3.06762
0.169 3.05966
0.17 3.05099
0.171 3.04162
0.172 3.03156
0.173 3.02082
0.174 3.00938
0.175 2.99727
0.176 2.98449
0.177 2.97103
0.178 2.95692
0.179 2.94215
0.18 2.92673
0.181 2.91067
0.182 2.89398
0.183 2.87665
0.184 2.8587
0.185 2.84014
0.186 2.82097
0.187 2.80121
0.188 2.78085
0.189 2.7599
0.19 2.73838
0.191 2.7163
0.192 2.69365
0.193 2.67045
0.194 2.64671
0.195 2.62244
0.196 2.59764
0.197 2.57233
0.198 2.54652
0.199 2.5202
0.2 2.4934
0.201 2.46612
0.202 2.43838
0.203 2.41017
0.204 2.38152
0.205 2.35243
0.206 2.32292
0.207 2.29298
0.208 2.26264
0.209 2.23191
0.21 2.20078
0.211 2.16928
0.212 2.13742
0.213 2.10521
0.214 2.07265
0.215 2.03976
0.216 2.00655
0.217 1.97302
0.218 1.93921
0.219 1.9051
0.22 1.87072
0.221 1.83607
0.222 1.80117
0.223 1.76603
0.224 1.73066
0.225 1.69507
0.226 1.65928
0.227 1.62328
0.228 1.58711
0.229 1.55076
0.23 1.51425
0.231 1.4776
0.232 1.44081
0.233 1.40389
0.234 1.36686
0.235 1.32972
0.236 1.2925
0.237 1.2552
0.238 1.21783
0.239 1.18041
0.24 1.14295
0.241 1.10545
0.242 1.06793
0.243 1.03041
0.244 0.992887
0.245 0.955382
0.246 0.917903
0.247 0.880462
0.248 0.843071
0.249 0.805741
0.25 0.768483
0.251 0.731309
0.252 0.694229
0.253 0.657256
0.254 0.620399
0.255 0.583671
0.256 0.547082
0.257 0.510643
0.258 0.474365
0.259 0.438258
0.26 0.402333
0.261 0.3666
0.262 0.331071
0.263 0.295755
0.264 0.260662
0.265 0.225803
0.266 0.191187
0.267 0.156825
0.268 0.122726
0.269 0.0889002
0.27 0.0553566
0.271 0.0221046
0.272 0.0108463
0.273 0.0434872
0.274 0.075809
0.275 0.107803
0.276 0.13946
0.277 0.170773
0.278 0.201732
0.279 0.232329
0.28 0.262556
0.281 0.292406
0.282 0.32187
0.283 0.350941
0.284 0.379612
0.285 0.407876
0.286 0.435724
0.287 0.463151
0.288 0.49015
0.289 0.516714
0.29 0.542837
0.291 0.568513
0.292 0.593735
0.293 0.618499
0.294 0.642798
0.295 0.666627
0.296 0.689981
0.297 0.712855
0.298 0.735245
0.299 0.757145
0.3 0.778551
0.301 0.799459
0.302 0.819865
0.303 0.839766
0.304 0.859158
0.305 0.878037
0.306 0.896401
0.307 0.914246
0.308 0.93157
0.309 0.94837
0.31 0.964644
0.311 0.980391
0.312 0.995608
0.313 1.01029
0.314 1.02445
0.315 1.03806
0.316 1.05115
0.317 1.0637
0.318 1.07571
0.319 1.08718
0.32 1.09812
0.321 1.10853
0.322 1.11839
0.323 1.12772
0.324 1.13652
0.325 1.14478
0.326 1.15251
0.327 1.15971
0.328 1.16637
0.329 1.17251
0.33 1.17813
0.331 1.18322
0.332 1.18778
0.333 1.19183
0.334 1.19537
0.335 1.19839
0.336 1.2009
0.337 1.2029
0.338 1.2044
0.339 1.2054
0.34 1.2059
0.341 1.20592
0.342 1.20544
0.343 1.20449
0.344 1.20305
0.345 1.20114
0.346 1.19877
0.347 1.19593
0.348 1.19263
0.349 1.18888
0.35 1.18468
0.351 1.18004
0.352 1.17496
0.353 1.16946
0.354 1.16353
0.355 1.15718
0.356 1.15043
0.357 1.14326
0.358 1.1357
0.359 1.12775
0.36 1.11942
0.361 1.11071
0.362 1.10162
0.363 1.09218
0.364 1.08237
0.365 1.07222
0.366 1.06173
0.367 1.0509
0.368 1.03975
0.369 1.02828
0.37 1.0165
0.371 1.00441
0.372 0.992031
0.373 0.979364
0.374 0.966417
0.375 0.953199
0.376 0.939718
0.377 0.925981
0.378 0.911997
0.379 0.897775
0.38 0.883321
0.381 0.868645
0.382 0.853755
0.383 0.838659
0.384 0.823364
0.385 0.80788
0.386 0.792215
0.387 0.776376
0.388 0.760372
0.389 0.744212
0.39 0.727903
0.391 0.711454
0.392 0.694872
0.393 0.678166
0.394 0.661344
0.395 0.644414
0.396 0.627385
0.397 0.610263
0.398 0.593057
0.399 0.575775
0.4 0.558425
0.401 0.541014
0.402 0.52355
0.403 0.506041
0.404 0.488494
0.405 0.470917
0.406 0.453318
0.407 0.435703
0.408 0.41808
0.409 0.400456
0.41 0.382838
0.411 0.365234
0.412 0.34765
0.413 0.330093
0.414 0.31257
0.415 0.295087
0.416 0.277651
0.417 0.260269
0.418 0.242947
0.419 0.225691
0.42 0.208507
0.421 0.191401
0.422 0.17438
0.423 0.157449
0.424 0.140614
0.425 0.12388
0.426 0.107253
0.427 0.0907386
0.428 0.0743416
0.429 0.0580672
0.43 0.0419206
0.431 0.0259066
0.432 0.01003
0.433 0.00570456
0.434 0.0212925
0.435 0.0367295
0.436 0.0520112
0.437 0.0671333
0.438 0.082092
0.439 0.0968832
0.44 0.111503
0.441 0.125948
0.442 0.140215
0.443 0.154299
0.444 0.168199
0.445 0.18191
0.446 0.195429
0.447 0.208754
0.448 0.221882
0.449 0.23481
0.45 0.247535
0.451 0.260056
0.452 0.272369
0.453 0.284472
0.454 0.296364
0.455 0.308042
0.456 0.319504
0.457 0.33075
0.458 0.341776
0.459 0.352581
0.46 0.363165
0.461 0.373525
0.462 0.383661
0.463 0.393572
0.464 0.403255
0.465 0.412712
0.466 0.42194
0.467 0.430939
0.468 0.439708
0.469 0.448248
0.47 0.456557
0.471 0.464635
0.472 0.472483
0.473 0.480099
0.474 0.487485
0.475 0.494639
0.476 0.501563
0.477 0.508256
0.478 0.514719
0.479 0.520952
0.48 0.526956
0.481 0.532731
0.482 0.538278
0.483 0.543598
0.484 0.548691
0.485 0.553559
0.486 0.558202
0.487 0.562622
0.488 0.566819
0.489 0.570794
0.49 0.57455
0.491 0.578087
0.492 0.581406
0.493 0.584509
0.494 0.587398
0.495 0.590074
0.496 0.592538
0.497 0.594793
0.498 0.59684
0.499 0.59868
0.5 0.600316
0.501 0.601749
0.502 0.602982
0.503 0.604016
0.504 0.604853
0.505 0.605495
0.506 0.605945
0.507 0.606205
0.508 0.606276
0.509 0.606161
0.51 0.605862
0.511 0.605382
0.512 0.604722
0.513 0.603886
0.514 0.602875
0.515 0.601692
0.516 0.600339
0.517 0.598819
0.518 0.597134
0.519 0.595287
0.52 0.59328
0.521 0.591117
0.522 0.588798
0.523 0.586328
0.524 0.583709
0.525 0.580943
0.526 0.578034
0.527 0.574983
0.528 0.571793
0.529 0.568468
0.53 0.56501
0.531 0.561422
0.532 0.557706
0.533 0.553866
0.534 0.549903
0.535 0.545822
0.536 0.541624
0.537 0.537313
0.538 0.532892
0.539 0.528362
0.54 0.523728
0.541 0.518992
0.542 0.514156
0.543 0.509225
0.544 0.504199
0.545 0.499084
0.546 0.493881
0.547 0.488592
0.548 0.483222
0.549 0.477773
0.55 0.472248
0.551 0.46665
0.552 0.460981
0.553 0.455244
0.554 0.449443
0.555 0.443581
0.556 0.437659
0.557 0.431681
0.558 0.42565
0.559 0.419568
0.56 0.413439
0.561 0.407265
0.562 0.40105
0.563 0.394795
0.564 0.388504
0.565 0.382179
0.566 0.375823
0.567 0.36944
0.568 0.363031
0.569 0.356599
0.57 0.350148
0.571 0.343679
0.572 0.337196
0.573 0.330701
0.574 0.324196
0.575 0.317686
0.576 0.311171
0.577 0.304654
0.578 0.298139
0.579 0.291628
0.58 0.285122
0.581 0.278625
0.582 0.27214
0.583 0.265667
0.584 0.259211
0.585 0.252773
0.586 0.246356
0.587 0.239961
0.588 0.233592
0.589 0.227251
0.59 0.220939
0.591 0.214659
0.592 0.208413
0.593 0.202204
0.594 0.196033
0.595 0.189902
0.596 0.183814
0.597 0.17777
0.598 0.171773
0.599 0.165824
0.6 0.159925
0.601 0.154078
0.602 0.148285
0.603 0.142548
0.604 0.136867
0.605 0.131246
0.606 0.125686
0.607 0.120187
0.608 0.114753
0.609 0.109383
0.61 0.104081
0.611 0.0988461
0.612 0.0936811
0.613 0.0885869
0.614 0.0835648
0.615 0.078616
0.616 0.0737417
0.617 0.0689431
0.618 0.0642212
0.619 0.059577
0.62 0.0550116
0.621 0.0505259
0.622 0.0461208
0.623 0.0417971
0.624 0.0375556
0.625 0.0333971
0.626 0.0293222
0.627 0.0253317
0.628 0.021426
0.629 0.0176057
0.63 0.0138713
0.631 0.0102233
0.632 0.00666205
0.633 0.00318786
0.634 0.000198955
0.635 0.00349816
0.636 0.00670956
0.637 0.00983302
0.638 0.0128684
0.639 0.0158158
0.64 0.0186751
0.641 0.0214464
0.642 0.0241297
0.643 0.0267253
0.644 0.0292334
0.645 0.0316541
0.646 0.0339879
0.647 0.0362349
0.648 0.0383956
0.649 0.0404705
0.65 0.04246
0.651 0.0443646
0.652 0.0461849
0.653 0.0479214
0.654 0.0495749
0.655 0.051146
0.656 0.0526354
0.657 0.0540438
0.658 0.0553722
0.659 0.0566213
0.66 0.057792
0.661 0.0588851
0.662 0.0599018
0.663 0.0608428
0.664 0.0617093
0.665 0.0625022
0.666 0.0632227
0.667 0.0638718
0.668 0.0644507
0.669 0.0649606
0.67 0.0654025
0.671 0.0657777
0.672 0.0660875
0.673 0.0663331
0.674 0.0665158
0.675 0.0666369
0.676 0.0666976
0.677 0.0666994
0.678 0.0666435
0.679 0.0665314
0.68 0.0663644
0.681 0.0661439
0.682 0.0658713
0.683 0.0655481
0.684 0.0651756
0.685 0.0647554
0.686 0.0642887
0.687 0.0637772
0.688 0.0632222
0.689 0.0626253
0.69 0.0619877
0.691 0.0613111
0.692 0.0605969
0.693 0.0598466
0.694 0.0590615
0.695 0.0582432
0.696 0.0573931
0.697 0.0565127
0.698 0.0556033
0.699 0.0546665
0.7 0.0537036
0.701 0.0527161
0.702 0.0517053
0.703 0.0506727
0.704 0.0496196
0.705 0.0485474
0.706 0.0474574
0.707 0.0463509
0.708 0.0452294
0.709 0.044094
0.71 0.0429461
0.711 0.041787
0.712 0.0406178
0.713 0.0394397
0.714 0.0382541
0.715 0.037062
0.716 0.0358647
0.717 0.0346632
0.718 0.0334587
0.719 0.0322522
0.72 0.0310449
0.721 0.0298377
0.722 0.0286317
0.723 0.0274278
0.724 0.026227
0.725 0.0250302
0.726 0.0238384
0.727 0.0226524
0.728 0.021473
0.729 0.0203011
0.73 0.0191375
0.731 0.017983
0.732 0.0168382
0.733 0.0157039
0.734 0.0145807
0.735 0.0134693
0.736 0.0123704
0.737 0.0112845
0.738 0.0102122
0.739 0.00915401
0.74 0.00811044
0.741 0.00708198
0.742 0.00606907
0.743 0.00507215
0.744 0.00409162
0.745 0.00312782
0.746 0.00218113
0.747 0.00125183
0.748 0.000340235
0.749 0.000553402
0.75 0.00142884
0.751 0.00228587
0.752 0.0031243
0.753 0.00394396
0.754 0.00474472
0.755 0.00552646
0.756 0.00628908
0.757 0.00703251
0.758 0.00775669
0.759 0.00846161
0.76 0.00914724
0.761 0.0098136
0.762 0.0104607
0.763 0.0110886
0.764 0.0116974
0.765 0.0122871
0.766 0.0128579
0.767 0.0134099
0.768 0.0139431
0.769 0.0144578
0.77 0.0149541
0.771 0.0154321
0.772 0.0158921
0.773 0.0163343
0.774 0.0167588
0.775 0.0171659
0.776 0.0175558
0.777 0.0179287
0.778 0.018285
0.779 0.0186247
0.78 0.0189483
0.781 0.0192559
0.782 0.0195479
0.783 0.0198245
0.784 0.020086
0.785 0.0203327
0.786 0.0205649
0.787 0.0207829
0.788 0.0209869
0.789 0.0211773
0.79 0.0213543
0.791 0.0215184
0.792 0.0216696
0.793 0.0218085
0.794 0.0219352
0.795 0.02205
0.796 0.0221533
0.797 0.0222453
0.798 0.0223264
0.799 0.0223967
0.8 0.0224566
0.801 0.0225064
0.802 0.0225463
0.803 0.0225767
0.804 0.0225977
0.805 0.0226096
0.806 0.0226127
0.807 0.0226072
0.808 0.0225934
0.809 0.0225714
0.81 0.0225416
0.811 0.0225041
0.812 0.0224591
0.813 0.022407
0.814 0.0223477
0.815 0.0222816
0.816 0.0222089
0.817 0.0221296
0.818 0.0220441
0.819 0.0219523
0.82 0.0218546
0.821 0.021751
0.822 0.0216417
0.823 0.0215268
0.824 0.0214064
0.825 0.0212807
0.826 0.0211498
0.827 0.0210138
0.828 0.0208727
0.829 0.0207267
0.83 0.0205759
0.831 0.0204202
0.832 0.0202599
0.833 0.020095
0.834 0.0199255
0.835 0.0197516
0.836 0.0195731
0.837 0.0193903
0.838 0.0192031
0.839 0.0190116
0.84 0.0188158
0.841 0.0186158
0.842 0.0184115
0.843 0.0182031
0.844 0.0179905
0.845 0.0177737
0.846 0.0175528
0.847 0.0173278
0.848 0.0170986
0.849 0.0168654
0.85 0.0166281
0.851 0.0163868
0.852 0.0161414
0.853 0.015892
0.854 0.0156386
0.855 0.0153811
0.856 0.0151197
0.857 0.0148543
0.858 0.014585
0.859 0.0143117
0.86 0.0140346
0.861 0.0137535
0.862 0.0134686
0.863 0.0131799
0.864 0.0128874
0.865 0.0125912
0.866 0.0122913
0.867 0.0119877
0.868 0.0116805
0.869 0.0113698
0.87 0.0110557
0.871 0.0107381
0.872 0.0104171
0.873 0.0100929
0.874 0.00976554
0.875 0.00943506
0.876 0.00910159
0.877 0.00876522
0.878 0.00842605
0.879 0.00808419
0.88 0.00773977
0.881 0.00739291
0.882 0.00704373
0.883 0.00669237
0.884 0.00633896
0.885 0.00598367
0.886 0.00562664
0.887 0.00526803
0.888 0.00490801
0.889 0.00454674
0.89 0.0041844
0.891 0.00382118
0.892 0.00345726
0.893 0.00309284
0.894 0.00272811
0.895 0.00236328
0.896 0.00199856
0.897 0.00163415
0.898 0.00127029
0.899 0.000907177
0.9 0.000545051
0.901 0.000184139
0.902 0.000175326
0.903 0.000533108
0.904 0.000888967
0.905 0.00124266
0.906 0.00159395
0.907 0.00194257
0.908 0.0022883
0.909 0.00263086
0.91 0.00297002
0.911 0.00330552
0.912 0.00363711
0.913 0.00396453
0.914 0.00428753
0.915 0.00460586
0.916 0.00491926
0.917 0.00522749
0.918 0.0055303
0.919 0.00582744
0.92 0.00611866
0.921 0.00640372
0.922 0.00668238
0.923 0.00695441
0.924 0.00721957
0.925 0.00747764
0.926 0.00772839
0.927 0.00797159
0.928 0.00820705
0.929 0.00843454
0.93 0.00865387
0.931 0.00886483
0.932 0.00906724
0.933 0.00926091
0.934 0.00944567
0.935 0.00962134
0.936 0.00978776
0.937 0.00994479
0.938 0.0100923
0.939 0.01023
0.94 0.010358
0.941 0.0104761
0.942 0.0105841
0.943 0.0106819
0.944 0.0107695
0.945 0.0108468
0.946 0.0109137
0.947 0.0109701
0.948 0.011016
0.949 0.0110513
0.95 0.0110761
0.951 0.0110902
0.952 0.0110938
0.953 0.0110867
0.954 0.011069
0.955 0.0110407
0.956 0.0110019
0.957 0.0109525
0.958 0.0108927
0.959 0.0108225
0.96 0.010742
0.961 0.0106512
0.962 0.0105503
0.963 0.0104394
0.964 0.0103185
0.965 0.0101879
0.966 0.0100476
0.967 0.00989782
0.968 0.0097387
0.969 0.0095704
0.97 0.0093931
0.971 0.00920699
0.972 0.00901226
0.973 0.00880913
0.974 0.00859779
0.975 0.00837848
0.976 0.00815142
0.977 0.00791685
0.978 0.00767501
0.979 0.00742616
0.98 0.00717055
0.981 0.00690846
0.982 0.00664015
0.983 0.00636589
0.984 0.00608598
0.985 0.0058007
0.986 0.00551035
0.987 0.00521521
0.988 0.0049156
0.989 0.00461182
0.99 0.00430418
0.991 0.00399299
0.992 0.00367856
0.993 0.00336121
0.994 0.00304125
0.995 0.00271902
0.996 0.00239482
0.997 0.00206897
0.998 0.00174181
0.999 0.00141364
