-4.03696 329.198
-3.95584 328.958
-3.87472 328.295
-3.79361 328.314
-3.71249 328.828
-3.63137 328.527
-3.55025 328.017
-3.46913 328.206
-3.38801 328.848
-3.3069 327.698
-3.22578 330.196
-3.14466 327.866
-3.06354 328.971
-2.98242 329.367
-2.9013 330.366
-2.82019 332.931
-2.73907 335.964
-2.65795 343.014
-2.57683 351.812
-2.49571 365.867
-2.41459 382.61
-2.33348 398.625
-2.25236 412.61
-2.17124 423.706
-2.09012 429.647
-2.009 429.094
-1.92788 422.473
-1.84677 410.46
-1.76565 396.558
-1.68453 380.804
-1.60341 363.687
-1.52229 350.624
-1.44117 339.749
-1.36006 332.618
-1.27894 328.906
-1.19782 328.143
-1.1167 325.504
-1.03558 324.756
-0.95446 323.982
-0.87335 320.259
-0.79223 316.579
-0.71111 310.909
-0.62999 304.303
-0.54887 298.481
-0.46775 289.317
-0.38664 280.04
-0.30552 270.841
-0.2244 259.45
-0.14328 250.52
-0.06216 243.241
0.01896 242.305
0.10007 245.009
0.18119 255.262
0.26231 265.442
0.34343 276.862
0.42455 286.451
0.50566 294.126
0.58678 301.58
0.6679 308.064
0.74902 313.843
0.83014 317.749
0.91126 320.806
0.99237 322.489
1.07349 323.758
1.15461 325.623
1.23573 326.214
1.31685 330.992
1.39797 336.698
1.47908 346.984
1.5602 360.522
1.64132 375.818
1.72244 391.712
1.80356 406.714
1.88468 420.005
1.96579 426.111
2.04691 428.105
2.12803 425.813
2.20915 417.726
2.29027 403.396
2.37139 386.475
2.4525 370.83
2.53362 355.834
2.61474 344.582
2.69586 338.197
2.77698 332.708
2.8581 331.088
2.93921 329.864
3.02033 329.642
3.10145 328.534
3.18257 329.124
3.26369 328.342
3.34481 328.414
3.42592 328.003
3.50704 328.337
3.58816 328.722
3.66928 328.258
3.7504 328.754
3.83152 328.259
3.91263 328.801
3.99375 327.541
