0 1.23153
0.001 1.231
0.002 1.22942
0.003 1.22679
0.004 1.2231
0.005 1.21837
0.006 1.21259
0.007 1.20577
0.008 1.19791
0.009 1.18901
0.01 1.17907
0.011 1.16812
0.012 1.15614
0.013 1.14314
0.014 1.12914
0.015 1.11413
0.016 1.09813
0.017 1.08114
0.018 1.06318
0.019 1.04425
0.02 1.02435
0.021 1.00351
0.022 0.981734
0.023 0.959027
0.024 0.935404
0.025 0.910877
0.026 0.885457
0.027 0.859158
0.028 0.831992
0.029 0.803974
0.03 0.775117
0.031 0.745437
0.032 0.714946
0.033 0.683662
0.034 0.651599
0.035 0.618773
0.036 0.585201
0.037 0.550899
0.038 0.515884
0.039 0.480175
0.04 0.443788
0.041 0.406741
0.042 0.369053
0.043 0.330742
0.044 0.291828
0.045 0.252329
0.046 0.212265
0.047 0.171656
0.048 0.130521
0.049 0.0888806
0.05 0.0467557
0.051 0.00416642
0.052 0.0388663
0.053 0.0823214
0.054 0.126178
0.055 0.170414
0.056 0.215009
0.057 0.259941
0.058 0.305188
0.059 0.350728
0.06 0.396539
0.061 0.442599
0.062 0.488887
0.063 0.535379
0.064 0.582053
0.065 0.628888
0.066 0.67586
0.067 0.722948
0.068 0.770128
0.069 0.817379
0.07 0.864678
0.071 0.912003
0.072 0.959331
0.073 1.00664
0.074 1.05391
0.075 1.10111
0.076 1.14823
0.077 1.19524
0.078 1.24213
0.079 1.28886
0.08 1.33541
0.081 1.38178
0.082 1.42793
0.083 1.47384
0.084 1.51949
0.085 1.56486
0.086 1.60994
0.087 1.65469
0.088 1.6991
0.089 1.74316
0.09 1.78683
0.091 1.8301
0.092 1.87295
0.093 1.91537
0.094 1.95732
0.095 1.9988
0.096 2.03979
0.097 2.08026
0.098 2.1202
0.099 2.1596
0.1 2.19842
0.101 2.23667
0.102 2.27432
0.103 2.31136
0.104 2.34776
0.105 2.38352
0.106 2.41862
0.107 2.45304
0.108 2.48677
0.109 2.5198
0.11 2.5521
0.111 2.58368
0.112 2.61452
0.113 2.64459
0.114 2.6739
0.115 2.70243
0.116 2.73016
0.117 2.75709
0.118 2.78321
0.119 2.80851
0.12 2.83297
0.121 2.85659
0.122 2.87935
0.123 2.90126
0.124 2.9223
0.125 2.94246
0.126 2.96174
0.127 2.98014
0.128 2.99763
0.129 3.01423
0.13 3.02991
0.131 3.04469
0.132 3.05854
0.133 3.07148
0.134 3.08349
0.135 3.09458
0.136 3.10473
0.137 3.11395
0.138 3.12224
0.139 3.12959
0.14 3.136
0.141 3.14147
0.142 3.14601
0.143 3.1496
0.144 3.15226
0.145 3.15398
0.146 3.15477
0.147 3.15462
0.148 3.15354
0.149 3.15153
0.15 3.1486
0.151 3.14475
0.152 3.13998
0.153 3.13429
0.154 3.12769
0.155 3.1202
0.156 3.1118
0.157 3.10251
0.158 3.09233
0.159 3.08127
0.16 3.06934
0.161 3.05655
0.162 3.0429
0.163 3.02839
0.164 3.01305
0.165 2.99687
0.166 2.97987
0.167 2.96205
0.168 2.94343
0.169 2.92402
0.17 2.90382
0.171 2.88284
0.172 2.86111
0.173 2.83862
0.174 2.81539
0.175 2.79143
0.176 2.76676
0.177 2.74138
0.178 2.71532
0.179 2.68857
0.18 2.66116
0.181 2.63309
0.182 2.60439
0.183 2.57506
0.184 2.54513
0.185 2.51459
0.186 2.48347
0.187 2.45179
0.188 2.41955
0.189 2.38678
0.19 2.35348
0.191 2.31968
0.192 2.28538
0.193 2.25061
0.194 2.21538
0.195 2.17971
0.196 2.1436
0.197 2.10708
0.198 2.07017
0.199 2.03288
0.2 1.99523
0.201 1.95723
0.202 1.9189
0.203 1.88025
0.204 1.84132
0.205 1.8021
0.206 1.76262
0.207 1.72289
0.208 1.68294
0.209 1.64278
0.21 1.60242
0.211 1.56188
0.212 1.52119
0.213 1.48035
0.214 1.43939
0.215 1.39831
0.216 1.35715
0.217 1.31591
0.218 1.27462
0.219 1.23328
0.22 1.19192
0.221 1.15056
0.222 1.1092
0.223 1.06787
0.224 1.02658
0.225 0.985359
0.226 0.94421
0.227 0.903154
0.228 0.862206
0.229 0.821384
0.23 0.780703
0.231 0.74018
0.232 0.699829
0.233 0.659667
0.234 0.619709
0.235 0.579971
0.236 0.540467
0.237 0.501213
0.238 0.462223
0.239 0.423513
0.24 0.385096
0.241 0.346988
0.242 0.309201
0.243 0.271751
0.244 0.234651
0.245 0.197914
0.246 0.161553
0.247 0.125583
0.248 0.0900153
0.249 0.054863
0.25 0.0201384
0.251 0.0141462
0.252 0.0479789
0.253 0.081348
0.254 0.114242
0.255 0.14665
0.256 0.17856
0.257 0.209963
0.258 0.240847
0.259 0.271203
0.26 0.301021
0.261 0.330291
0.262 0.359003
0.263 0.387149
0.264 0.414721
0.265 0.441708
0.266 0.468104
0.267 0.493901
0.268 0.519091
0.269 0.543666
0.27 0.56762
0.271 0.590946
0.272 0.613637
0.273 0.635688
0.274 0.657093
0.275 0.677847
0.276 0.697943
0.277 0.717379
0.278 0.736148
0.279 0.754247
0.28 0.771672
0.281 0.788419
0.282 0.804485
0.283 0.819868
0.284 0.834565
0.285 0.848573
0.286 0.86189
0.287 0.874515
0.288 0.886447
0.289 0.897684
0.29 0.908227
0.291 0.918074
0.292 0.927225
0.293 0.935681
0.294 0.943443
0.295 0.950511
0.296 0.956886
0.297 0.96257
0.298 0.967566
0.299 0.971874
0.3 0.975498
0.301 0.97844
0.302 0.980704
0.303 0.982292
0.304 0.983208
0.305 0.983457
0.306 0.983042
0.307 0.981969
0.308 0.980241
0.309 0.977864
0.31 0.974843
0.311 0.971184
0.312 0.966893
0.313 0.961976
0.314 0.95644
0.315 0.95029
0.316 0.943535
0.317 0.936181
0.318 0.928235
0.319 0.919706
0.32 0.910602
0.321 0.90093
0.322 0.890698
0.323 0.879917
0.324 0.868593
0.325 0.856737
0.326 0.844357
0.327 0.831464
0.328 0.818066
0.329 0.804173
0.33 0.789797
0.331 0.774945
0.332 0.75963
0.333 0.743862
0.334 0.727651
0.335 0.711008
0.336 0.693944
0.337 0.676471
0.338 0.658599
0.339 0.640341
0.34 0.621707
0.341 0.602709
0.342 0.583359
0.343 0.56367
0.344 0.543652
0.345 0.523318
0.346 0.50268
0.347 0.481751
0.348 0.460543
0.349 0.439068
0.35 0.417338
0.351 0.395367
0.352 0.373166
0.353 0.350748
0.354 0.328126
0.355 0.305313
0.356 0.282321
0.357 0.259163
0.358 0.235851
0.359 0.212399
0.36 0.188819
0.361 0.165123
0.362 0.141325
0.363 0.117436
0.364 0.0934703
0.365 0.0694395
0.366 0.0453564
0.367 0.0212333
0.368 0.00291716
0.369 0.0270828
0.37 0.0512513
0.371 0.0754104
0.372 0.099548
0.373 0.123652
0.374 0.147711
0.375 0.171712
0.376 0.195644
0.377 0.219496
0.378 0.243255
0.379 0.266911
0.38 0.290452
0.381 0.313867
0.382 0.337144
0.383 0.360274
0.384 0.383246
0.385 0.406048
0.386 0.428671
0.387 0.451104
0.388 0.473337
0.389 0.49536
0.39 0.517164
0.391 0.538738
0.392 0.560075
0.393 0.581163
0.394 0.601996
0.395 0.622562
0.396 0.642855
0.397 0.662865
0.398 0.682585
0.399 0.702006
0.4 0.72112
0.401 0.739921
0.402 0.7584
0.403 0.776551
0.404 0.794367
0.405 0.81184
0.406 0.828965
0.407 0.845735
0.408 0.862144
0.409 0.878186
0.41 0.893857
0.411 0.909149
0.412 0.92406
0.413 0.938582
0.414 0.952713
0.415 0.966447
0.416 0.979781
0.417 0.99271
0.418 1.00523
0.419 1.01734
0.42 1.02903
0.421 1.04031
0.422 1.05117
0.423 1.0616
0.424 1.07161
0.425 1.08119
0.426 1.09034
0.427 1.09906
0.428 1.10735
0.429 1.1152
0.43 1.12263
0.431 1.12961
0.432 1.13617
0.433 1.14228
0.434 1.14797
0.435 1.15321
0.436 1.15803
0.437 1.16241
0.438 1.16636
0.439 1.16987
0.44 1.17296
0.441 1.17562
0.442 1.17785
0.443 1.17966
0.444 1.18104
0.445 1.18201
0.446 1.18255
0.447 1.18268
0.448 1.1824
0.449 1.18172
0.45 1.18062
0.451 1.17913
0.452 1.17723
0.453 1.17494
0.454 1.17226
0.455 1.1692
0.456 1.16575
0.457 1.16193
0.458 1.15773
0.459 1.15317
0.46 1.14824
0.461 1.14295
0.462 1.13731
0.463 1.13132
0.464 1.125
0.465 1.11833
0.466 1.11133
0.467 1.10401
0.468 1.09637
0.469 1.08842
0.47 1.08016
0.471 1.0716
0.472 1.06274
0.473 1.0536
0.474 1.04417
0.475 1.03447
0.476 1.0245
0.477 1.01427
0.478 1.00378
0.479 0.993051
0.48 0.982076
0.481 0.970867
0.482 0.95943
0.483 0.947773
0.484 0.935903
0.485 0.923827
0.486 0.911552
0.487 0.899085
0.488 0.886434
0.489 0.873605
0.49 0.860606
0.491 0.847444
0.492 0.834127
0.493 0.820661
0.494 0.807054
0.495 0.793313
0.496 0.779446
0.497 0.765459
0.498 0.751359
0.499 0.737155
0.5 0.722853
0.501 0.70846
0.502 0.693984
0.503 0.679431
0.504 0.664809
0.505 0.650125
0.506 0.635384
0.507 0.620596
0.508 0.605765
0.509 0.5909
0.51 0.576007
0.511 0.561093
0.512 0.546163
0.513 0.531226
0.514 0.516287
0.515 0.501353
0.516 0.48643
0.517 0.471525
0.518 0.456644
0.519 0.441792
0.52 0.426977
0.521 0.412204
0.522 0.397479
0.523 0.382808
0.524 0.368196
0.525 0.353649
0.526 0.339174
0.527 0.324775
0.528 0.310457
0.529 0.296226
0.53 0.282088
0.531 0.268047
0.532 0.254108
0.533 0.240276
0.534 0.226557
0.535 0.212953
0.536 0.199471
0.537 0.186115
0.538 0.172889
0.539 0.159797
0.54 0.146844
0.541 0.134033
0.542 0.121369
0.543 0.108855
0.544 0.096495
0.545 0.0842927
0.546 0.0722515
0.547 0.0603749
0.548 0.0486661
0.549 0.0371282
0.55 0.0257644
0.551 0.0145776
0.552 0.00357053
0.553 0.00725401
0.554 0.0178934
0.555 0.0283453
0.556 0.0386071
0.557 0.0486767
0.558 0.0585518
0.559 0.0682305
0.56 0.0777108
0.561 0.0869909
0.562 0.0960691
0.563 0.104944
0.564 0.113613
0.565 0.122076
0.566 0.130332
0.567 0.138378
0.568 0.146215
0.569 0.153841
0.57 0.161255
0.571 0.168456
0.572 0.175444
0.573 0.182219
0.574 0.188779
0.575 0.195125
0.576 0.201257
0.577 0.207173
0.578 0.212874
0.579 0.218361
0.58 0.223633
0.581 0.22869
0.582 0.233533
0.583 0.238163
0.584 0.242579
0.585 0.246783
0.586 0.250774
0.587 0.254555
0.588 0.258126
0.589 0.261487
0.59 0.26464
0.591 0.267586
0.592 0.270326
0.593 0.272861
0.594 0.275193
0.595 0.277324
0.596 0.279254
0.597 0.280986
0.598 0.28252
0.599 0.283859
0.6 0.285005
0.601 0.28596
0.602 0.286724
0.603 0.287302
0.604 0.287693
0.605 0.287902
0.606 0.287929
0.607 0.287777
0.608 0.287449
0.609 0.286947
0.61 0.286273
0.611 0.285429
0.612 0.284419
0.613 0.283245
0.614 0.28191
0.615 0.280416
0.616 0.278766
0.617 0.276962
0.618 0.275009
0.619 0.272907
0.62 0.270662
0.621 0.268274
0.622 0.265748
0.623 0.263087
0.624 0.260292
0.625 0.257369
0.626 0.254319
0.627 0.251146
0.628 0.247853
0.629 0.244443
0.63 0.240919
0.631 0.237285
0.632 0.233544
0.633 0.2297
0.634 0.225755
0.635 0.221712
0.636 0.217576
0.637 0.21335
0.638 0.209036
0.639 0.204639
0.64 0.200162
0.641 0.195607
0.642 0.190979
0.643 0.186281
0.644 0.181516
0.645 0.176687
0.646 0.171799
0.647 0.166854
0.648 0.161856
0.649 0.156808
0.65 0.151713
0.651 0.146575
0.652 0.141398
0.653 0.136184
0.654 0.130937
0.655 0.12566
0.656 0.120357
0.657 0.11503
0.658 0.109683
0.659 0.10432
0.66 0.0989428
0.661 0.0935552
0.662 0.0881603
0.663 0.0827613
0.664 0.0773611
0.665 0.071963
0.666 0.0665698
0.667 0.0611846
0.668 0.0558104
0.669 0.05045
0.67 0.0451065
0.671 0.0397825
0.672 0.0344809
0.673 0.0292045
0.674 0.0239559
0.675 0.018738
0.676 0.0135533
0.677 0.00840435
0.678 0.00329376
0.679 0.001776
0.68 0.00680248
0.681 0.0117833
0.682 0.0167161
0.683 0.0215985
0.684 0.0264285
0.685 0.0312037
0.686 0.035922
0.687 0.0405814
0.688 0.0451798
0.689 0.0497154
0.69 0.0541861
0.691 0.0585901
0.692 0.0629257
0.693 0.0671911
0.694 0.0713846
0.695 0.0755047
0.696 0.0795498
0.697 0.0835185
0.698 0.0874092
0.699 0.0912207
0.7 0.0949516
0.701 0.0986008
0.702 0.102167
0.703 0.105649
0.704 0.109046
0.705 0.112357
0.706 0.115581
0.707 0.118717
0.708 0.121765
0.709 0.124723
0.71 0.127592
0.711 0.130369
0.712 0.133056
0.713 0.135651
0.714 0.138154
0.715 0.140565
0.716 0.142884
0.717 0.145109
0.718 0.147242
0.719 0.149282
0.72 0.151228
0.721 0.153082
0.722 0.154843
0.723 0.156511
0.724 0.158087
0.725 0.15957
0.726 0.160962
0.727 0.162262
0.728 0.163471
0.729 0.164589
0.73 0.165617
0.731 0.166557
0.732 0.167407
0.733 0.168169
0.734 0.168845
0.735 0.169433
0.736 0.169937
0.737 0.170355
0.738 0.17069
0.739 0.170943
0.74 0.171114
0.741 0.171204
0.742 0.171215
0.743 0.171148
0.744 0.171004
0.745 0.170784
0.746 0.170489
0.747 0.170122
0.748 0.169683
0.749 0.169174
0.75 0.168595
0.751 0.16795
0.752 0.167238
0.753 0.166462
0.754 0.165623
0.755 0.164723
0.756 0.163763
0.757 0.162745
0.758 0.161671
0.759 0.160542
0.76 0.159359
0.761 0.158126
0.762 0.156842
0.763 0.155511
0.764 0.154133
0.765 0.15271
0.766 0.151245
0.767 0.149738
0.768 0.148193
0.769 0.14661
0.77 0.14499
0.771 0.143337
0.772 0.141652
0.773 0.139936
0.774 0.138192
0.775 0.13642
0.776 0.134623
0.777 0.132803
0.778 0.130961
0.779 0.129099
0.78 0.127219
0.781 0.125322
0.782 0.12341
0.783 0.121485
0.784 0.119549
0.785 0.117603
0.786 0.115648
0.787 0.113687
0.788 0.11172
0.789 0.10975
0.79 0.107778
0.791 0.105806
0.792 0.103835
0.793 0.101866
0.794 0.0999017
0.795 0.0979425
0.796 0.09599
0.797 0.0940458
0.798 0.0921111
0.799 0.0901872
0.8 0.0882754
0.801 0.0863769
0.802 0.084493
0.803 0.0826248
0.804 0.0807735
0.805 0.0789403
0.806 0.0771261
0.807 0.075332
0.808 0.0735591
0.809 0.0718082
0.81 0.0700805
0.811 0.0683767
0.812 0.0666977
0.813 0.0650444
0.814 0.0634176
0.815 0.061818
0.816 0.0602463
0.817 0.0587032
0.818 0.0571894
0.819 0.0557055
0.82 0.0542521
0.821 0.0528296
0.822 0.0514387
0.823 0.0500797
0.824 0.0487532
0.825 0.0474594
0.826 0.0461988
0.827 0.0449716
0.828 0.0437782
0.829 0.0426188
0.83 0.0414936
0.831 0.0404028
0.832 0.0393466
0.833 0.038325
0.834 0.0373382
0.835 0.0363862
0.836 0.0354689
0.837 0.0345865
0.838 0.0337389
0.839 0.0329259
0.84 0.0321475
0.841 0.0314036
0.842 0.0306939
0.843 0.0300183
0.844 0.0293766
0.845 0.0287685
0.846 0.0281938
0.847 0.0276522
0.848 0.0271433
0.849 0.0266668
0.85 0.0262224
0.851 0.0258096
0.852 0.025428
0.853 0.0250773
0.854 0.024757
0.855 0.0244666
0.856 0.0242056
0.857 0.0239736
0.858 0.02377
0.859 0.0235942
0.86 0.0234458
0.861 0.0233242
0.862 0.0232287
0.863 0.0231589
0.864 0.0231141
0.865 0.0230937
0.866 0.0230972
0.867 0.0231238
0.868 0.0231729
0.869 0.0232439
0.87 0.0233362
0.871 0.0234491
0.872 0.0235819
0.873 0.023734
0.874 0.0239048
0.875 0.0240934
0.876 0.0242994
0.877 0.0245219
0.878 0.0247604
0.879 0.0250141
0.88 0.0252824
0.881 0.0255647
0.882 0.0258601
0.883 0.0261682
0.884 0.0264882
0.885 0.0268195
0.886 0.0271613
0.887 0.0275132
0.888 0.0278743
0.889 0.0282441
0.89 0.028622
0.891 0.0290073
0.892 0.0293995
0.893 0.0297978
0.894 0.0302017
0.895 0.0306106
0.896 0.031024
0.897 0.0314412
0.898 0.0318618
0.899 0.032285
0.9 0.0327105
0.901 0.0331376
0.902 0.0335659
0.903 0.0339948
0.904 0.0344238
0.905 0.0348525
0.906 0.0352804
0.907 0.035707
0.908 0.0361318
0.909 0.0365545
0.91 0.0369745
0.911 0.0373916
0.912 0.0378052
0.913 0.038215
0.914 0.0386206
0.915 0.0390216
0.916 0.0394178
0.917 0.0398087
0.918 0.040194
0.919 0.0405734
0.92 0.0409467
0.921 0.0413135
0.922 0.0416735
0.923 0.0420264
0.924 0.0423721
0.925 0.0427103
0.926 0.0430407
0.927 0.0433632
0.928 0.0436774
0.929 0.0439833
0.93 0.0442806
0.931 0.0445692
0.932 0.0448489
0.933 0.0451195
0.934 0.045381
0.935 0.0456331
0.936 0.0458757
0.937 0.0461088
0.938 0.0463322
0.939 0.0465458
0.94 0.0467495
0.941 0.0469433
0.942 0.0471271
0.943 0.0473009
0.944 0.0474645
0.945 0.0476179
0.946 0.0477611
0.947 0.0478941
0.948 0.0480168
0.949 0.0481292
0.95 0.0482312
0.951 0.048323
0.952 0.0484045
0.953 0.0484756
0.954 0.0485365
0.955 0.048587
0.956 0.0486273
0.957 0.0486573
0.958 0.0486772
0.959 0.0486868
0.96 0.0486863
0.961 0.0486757
0.962 0.048655
0.963 0.0486243
0.964 0.0485836
0.965 0.048533
0.966 0.0484725
0.967 0.0484023
0.968 0.0483223
0.969 0.0482326
0.97 0.0481333
0.971 0.0480244
0.972 0.0479061
0.973 0.0477784
0.974 0.0476414
0.975 0.047495
0.976 0.0473395
0.977 0.0471749
0.978 0.0470013
0.979 0.0468187
0.98 0.0466273
0.981 0.0464271
0.982 0.0462181
0.983 0.0460006
0.984 0.0457745
0.985 0.04554
0.986 0.0452971
0.987 0.045046
0.988 0.0447867
0.989 0.0445193
0.99 0.0442439
0.991 0.0439606
0.992 0.0436694
0.993 0.0433706
0.994 0.0430641
0.995 0.0427502
0.996 0.0424288
0.997 0.0421
0.998 0.0417641
0.999 0.041421
