-5.35047 328.479
-5.24042 326.741
-5.13037 328.905
-5.02032 326.883
-4.91026 327.942
-4.80021 327.423
-4.69016 328.282
-4.58011 328.119
-4.47005 327.222
-4.36 328.426
-4.24995 328.172
-4.1399 327.364
-4.02984 328.362
-3.91979 328.462
-3.80974 327.709
-3.69969 327.991
-3.58964 328.341
-3.47958 328.476
-3.36953 328.661
-3.25948 328.399
-3.14943 327.741
-3.03937 328.552
-2.92932 329.661
-2.81927 331.279
-2.70922 336.779
-2.59916 347.721
-2.48911 363.343
-2.37906 385.765
-2.26901 404.842
-2.15895 416.436
-2.0489 419.095
-1.93885 411.038
-1.8288 394.295
-1.71874 374.989
-1.60869 355.065
-1.49864 345.812
-1.38859 344.944
-1.27853 347.377
-1.16848 349.21
-1.05843 350.215
-0.94838 347.936
-0.83832 343.366
-0.72827 332.957
-0.61822 318.381
-0.50817 304.379
-0.39812 293.618
-0.28806 283.037
-0.17801 267.448
-0.06796 245.806
0.04209 228.189
0.15215 226.874
0.2622 244.752
0.37225 267.58
0.4823 283.024
0.59236 294.171
0.70241 304.085
0.81246 318.366
0.92251 332.294
1.03257 343.982
1.14262 348.875
1.25267 351.316
1.36272 350.097
1.47278 348.531
1.58283 345.174
1.69288 346.135
1.80293 355.115
1.91299 373.062
2.02304 394.817
2.13309 409.868
2.24314 418.623
2.3532 418.516
2.46325 406.971
2.5733 387.257
2.68335 363.913
2.7934 348.965
2.90346 336.378
3.01351 332.095
3.12356 329.865
3.23361 328.315
3.34367 328.869
3.45372 328.368
3.56377 327.701
3.67382 328.254
3.78388 328.06
3.89393 328.166
4.00398 328.294
4.11403 328.174
4.22409 327.798
4.33414 328.204
4.44419 328.504
4.55424 327.475
4.6643 328.035
4.7743 327.9
4.8844 327.947
4.9945 327.734
5.1045 327.904
5.2146 328.218
5.3246 328.745
5.4347 326.887
5.5447 327.556
