0 1.3732
0.001 1.37264
0.002 1.37096
0.003 1.36815
0.004 1.36423
0.005 1.35918
0.006 1.35303
0.007 1.34576
0.008 1.33739
0.009 1.32791
0.01 1.31734
0.011 1.30568
0.012 1.29293
0.013 1.27911
0.014 1.26422
0.015 1.24827
0.016 1.23127
0.017 1.21323
0.018 1.19415
0.019 1.17406
0.02 1.15296
0.021 1.13086
0.022 1.10778
0.023 1.08373
0.024 1.05872
0.025 1.03277
0.026 1.00589
0.027 0.978097
0.028 0.949407
0.029 0.919835
0.03 0.889399
0.031 0.858115
0.032 0.826001
0.033 0.793075
0.034 0.759354
0.035 0.724859
0.036 0.689607
0.037 0.653618
0.038 0.616912
0.039 0.579509
0.04 0.54143
0.041 0.502696
0.042 0.463326
0.043 0.423344
0.044 0.38277
0.045 0.341627
0.046 0.299936
0.047 0.25772
0.048 0.215002
0.049 0.171804
0.05 0.128149
0.051 0.0840599
0.052 0.0395608
0.053 0.00532543
0.054 0.0505752
0.055 0.0961649
0.056 0.142071
0.057 0.188269
0.058 0.234736
0.059 0.281448
0.06 0.32838
0.061 0.375509
0.062 0.422811
0.063 0.470262
0.064 0.517839
0.065 0.565516
0.066 0.613271
0.067 0.661079
0.068 0.708917
0.069 0.756762
0.07 0.804589
0.071 0.852376
0.072 0.900099
0.073 0.947735
0.074 0.995261
0.075 1.04266
0.076 1.08989
0.077 1.13695
0.078 1.18382
0.079 1.23045
0.08 1.27685
0.081 1.32298
0.082 1.36882
0.083 1.41436
0.084 1.45957
0.085 1.50442
0.086 1.54891
0.087 1.59301
0.088 1.6367
0.089 1.67996
0.09 1.72277
0.091 1.76511
0.092 1.80697
0.093 1.84833
0.094 1.88917
0.095 1.92946
0.096 1.9692
0.097 2.00837
0.098 2.04694
0.099 2.08492
0.1 2.12226
0.101 2.15898
0.102 2.19504
0.103 2.23043
0.104 2.26515
0.105 2.29917
0.106 2.33248
0.107 2.36507
0.108 2.39692
0.109 2.42804
0.11 2.45839
0.111 2.48797
0.112 2.51677
0.113 2.54478
0.114 2.57199
0.115 2.59839
0.116 2.62397
0.117 2.64871
0.118 2.67262
0.119 2.69569
0.12 2.7179
0.121 2.73924
0.122 2.75972
0.123 2.77933
0.124 2.79805
0.125 2.81589
0.126 2.83283
0.127 2.84888
0.128 2.86403
0.129 2.87827
0.13 2.89161
0.131 2.90404
0.132 2.91555
0.133 2.92614
0.134 2.93582
0.135 2.94458
0.136 2.95242
0.137 2.95935
0.138 2.96535
0.139 2.97043
0.14 2.97459
0.141 2.97783
0.142 2.98016
0.143 2.98158
0.144 2.98208
0.145 2.98167
0.146 2.98036
0.147 2.97815
0.148 2.97504
0.149 2.97104
0.15 2.96615
0.151 2.96038
0.152 2.95373
0.153 2.9462
0.154 2.93782
0.155 2.92858
0.156 2.91848
0.157 2.90755
0.158 2.89578
0.159 2.88318
0.16 2.86977
0.161 2.85555
0.162 2.84053
0.163 2.82472
0.164 2.80813
0.165 2.79078
0.166 2.77266
0.167 2.7538
0.168 2.73421
0.169 2.71389
0.17 2.69287
0.171 2.67114
0.172 2.64873
0.173 2.62565
0.174 2.60191
0.175 2.57752
0.176 2.5525
0.177 2.52687
0.178 2.50064
0.179 2.47381
0.18 2.44642
0.181 2.41846
0.182 2.38997
0.183 2.36095
0.184 2.33142
0.185 2.3014
0.186 2.27089
0.187 2.23993
0.188 2.20853
0.189 2.17669
0.19 2.14445
0.191 2.11181
0.192 2.0788
0.193 2.04543
0.194 2.01172
0.195 1.97769
0.196 1.94336
0.197 1.90874
0.198 1.87385
0.199 1.83871
0.2 1.80334
0.201 1.76775
0.202 1.73197
0.203 1.69602
0.204 1.6599
0.205 1.62365
0.206 1.58728
0.207 1.5508
0.208 1.51424
0.209 1.47762
0.21 1.44094
0.211 1.40424
0.212 1.36753
0.213 1.33083
0.214 1.29416
0.215 1.25753
0.216 1.22096
0.217 1.18447
0.218 1.14808
0.219 1.11181
0.22 1.07567
0.221 1.03968
0.222 1.00386
0.223 0.968226
0.224 0.932793
0.225 0.89758
0.226 0.862603
0.227 0.827877
0.228 0.79342
0.229 0.759247
0.23 0.725373
0.231 0.691814
0.232 0.658585
0.233 0.625702
0.234 0.593178
0.235 0.561029
0.236 0.529268
0.237 0.497908
0.238 0.466965
0.239 0.43645
0.24 0.406376
0.241 0.376757
0.242 0.347604
0.243 0.318929
0.244 0.290745
0.245 0.263061
0.246 0.235889
0.247 0.20924
0.248 0.183124
0.249 0.15755
0.25 0.132528
0.251 0.108067
0.252 0.0841755
0.253 0.0608622
0.254 0.038135
0.255 0.0160013
0.256 0.00553173
0.257 0.0264572
0.258 0.0467688
0.259 0.0664605
0.26 0.0855266
0.261 0.103962
0.262 0.121762
0.263 0.138922
0.264 0.155437
0.265 0.171305
0.266 0.186522
0.267 0.201086
0.268 0.214993
0.269 0.228241
0.27 0.24083
0.271 0.252757
0.272 0.264022
0.273 0.274625
0.274 0.284564
0.275 0.293841
0.276 0.302456
0.277 0.310409
0.278 0.317703
0.279 0.324339
0.28 0.330319
0.281 0.335646
0.282 0.340322
0.283 0.34435
0.284 0.347734
0.285 0.350478
0.286 0.352586
0.287 0.354062
0.288 0.354912
0.289 0.35514
0.29 0.354751
0.291 0.353752
0.292 0.352149
0.293 0.349948
0.294 0.347155
0.295 0.343777
0.296 0.339823
0.297 0.335298
0.298 0.330211
0.299 0.32457
0.3 0.318384
0.301 0.311659
0.302 0.304406
0.303 0.296633
0.304 0.28835
0.305 0.279565
0.306 0.270289
0.307 0.260531
0.308 0.2503
0.309 0.239609
0.31 0.228465
0.311 0.216881
0.312 0.204867
0.313 0.192434
0.314 0.179592
0.315 0.166353
0.316 0.152729
0.317 0.13873
0.318 0.124368
0.319 0.109655
0.32 0.0946024
0.321 0.0792223
0.322 0.0635266
0.323 0.0475274
0.324 0.0312367
0.325 0.0146669
0.326 0.0021699
0.327 0.0192613
0.328 0.0365949
0.329 0.0541582
0.33 0.0719388
0.331 0.0899242
0.332 0.108102
0.333 0.126459
0.334 0.144983
0.335 0.163662
0.336 0.182483
0.337 0.201433
0.338 0.2205
0.339 0.239671
0.34 0.258934
0.341 0.278276
0.342 0.297685
0.343 0.317148
0.344 0.336653
0.345 0.356187
0.346 0.375739
0.347 0.395296
0.348 0.414846
0.349 0.434377
0.35 0.453877
0.351 0.473334
0.352 0.492737
0.353 0.512073
0.354 0.531331
0.355 0.550499
0.356 0.569567
0.357 0.588522
0.358 0.607354
0.359 0.626052
0.36 0.644605
0.361 0.663002
0.362 0.681233
0.363 0.699286
0.364 0.717153
0.365 0.734822
0.366 0.752284
0.367 0.769528
0.368 0.786546
0.369 0.803328
0.37 0.819864
0.371 0.836145
0.372 0.852163
0.373 0.867909
0.374 0.883374
0.375 0.898549
0.376 0.913427
0.377 0.928
0.378 0.94226
0.379 0.956199
0.38 0.969811
0.381 0.983088
0.382 0.996022
0.383 1.00861
0.384 1.02084
0.385 1.03271
0.386 1.04421
0.387 1.05534
0.388 1.0661
0.389 1.07647
0.39 1.08645
0.391 1.09603
0.392 1.10522
0.393 1.11401
0.394 1.12239
0.395 1.13036
0.396 1.13792
0.397 1.14506
0.398 1.15178
0.399 1.15808
0.4 1.16395
0.401 1.1694
0.402 1.17442
0.403 1.179
0.404 1.18316
0.405 1.18688
0.406 1.19016
0.407 1.19301
0.408 1.19543
0.409 1.1974
0.41 1.19895
0.411 1.20005
0.412 1.20072
0.413 1.20096
0.414 1.20076
0.415 1.20013
0.416 1.19908
0.417 1.19759
0.418 1.19567
0.419 1.19333
0.42 1.19057
0.421 1.18739
0.422 1.1838
0.423 1.17979
0.424 1.17537
0.425 1.17054
0.426 1.16532
0.427 1.15969
0.428 1.15367
0.429 1.14727
0.43 1.14047
0.431 1.1333
0.432 1.12576
0.433 1.11784
0.434 1.10956
0.435 1.10093
0.436 1.09194
0.437 1.0826
0.438 1.07293
0.439 1.06292
0.44 1.05259
0.441 1.04193
0.442 1.03096
0.443 1.01969
0.444 1.00811
0.445 0.996245
0.446 0.984093
0.447 0.971663
0.448 0.958963
0.449 0.946002
0.45 0.932785
0.451 0.919323
0.452 0.905621
0.453 0.891689
0.454 0.877535
0.455 0.863166
0.456 0.848592
0.457 0.83382
0.458 0.818859
0.459 0.803716
0.46 0.788402
0.461 0.772924
0.462 0.75729
0.463 0.74151
0.464 0.725592
0.465 0.709544
0.466 0.693375
0.467 0.677094
0.468 0.660709
0.469 0.644229
0.47 0.627662
0.471 0.611017
0.472 0.594303
0.473 0.577528
0.474 0.5607
0.475 0.543827
0.476 0.526919
0.477 0.509984
0.478 0.493029
0.479 0.476063
0.48 0.459094
0.481 0.442131
0.482 0.42518
0.483 0.40825
0.484 0.391349
0.485 0.374485
0.486 0.357665
0.487 0.340896
0.488 0.324187
0.489 0.307544
0.49 0.290975
0.491 0.274486
0.492 0.258086
0.493 0.24178
0.494 0.225576
0.495 0.20948
0.496 0.193499
0.497 0.17764
0.498 0.161907
0.499 0.146309
0.5 0.13085
0.501 0.115537
0.502 0.100375
0.503 0.0853704
0.504 0.0705283
0.505 0.0558542
0.506 0.0413533
0.507 0.0270307
0.508 0.0128912
0.509 0.00106016
0.51 0.0148188
0.511 0.0283803
0.512 0.0417401
0.513 0.0548941
0.514 0.0678382
0.515 0.0805684
0.516 0.0930808
0.517 0.105372
0.518 0.117438
0.519 0.129276
0.52 0.140883
0.521 0.152255
0.522 0.163389
0.523 0.174283
0.524 0.184934
0.525 0.19534
0.526 0.205498
0.527 0.215406
0.528 0.225061
0.529 0.234462
0.53 0.243608
0.531 0.252496
0.532 0.261124
0.533 0.269492
0.534 0.277598
0.535 0.285441
0.536 0.29302
0.537 0.300334
0.538 0.307382
0.539 0.314164
0.54 0.320679
0.541 0.326927
0.542 0.332907
0.543 0.33862
0.544 0.344065
0.545 0.349243
0.546 0.354153
0.547 0.358797
0.548 0.363174
0.549 0.367286
0.55 0.371132
0.551 0.374714
0.552 0.378033
0.553 0.381089
0.554 0.383885
0.555 0.38642
0.556 0.388697
0.557 0.390717
0.558 0.392482
0.559 0.393993
0.56 0.395252
0.561 0.396261
0.562 0.397021
0.563 0.397536
0.564 0.397807
0.565 0.397837
0.566 0.397628
0.567 0.397181
0.568 0.396501
0.569 0.39559
0.57 0.394449
0.571 0.393083
0.572 0.391494
0.573 0.389685
0.574 0.387659
0.575 0.385419
0.576 0.382969
0.577 0.380312
0.578 0.377452
0.579 0.374391
0.58 0.371133
0.581 0.367682
0.582 0.364042
0.583 0.360216
0.584 0.356209
0.585 0.352023
0.586 0.347664
0.587 0.343135
0.588 0.33844
0.589 0.333583
0.59 0.328569
0.591 0.323401
0.592 0.318084
0.593 0.312623
0.594 0.307021
0.595 0.301284
0.596 0.295415
0.597 0.289419
0.598 0.283301
0.599 0.277065
0.6 0.270716
0.601 0.264258
0.602 0.257696
0.603 0.251036
0.604 0.24428
0.605 0.237435
0.606 0.230505
0.607 0.223494
0.608 0.216408
0.609 0.209251
0.61 0.202028
0.611 0.194743
0.612 0.187402
0.613 0.180009
0.614 0.17257
0.615 0.165088
0.616 0.157568
0.617 0.150015
0.618 0.142435
0.619 0.13483
0.62 0.127207
0.621 0.11957
0.622 0.111922
0.623 0.10427
0.624 0.0966168
0.625 0.0889673
0.626 0.0813261
0.627 0.0736973
0.628 0.0660853
0.629 0.0584944
0.63 0.0509288
0.631 0.0433925
0.632 0.0358898
0.633 0.0284245
0.634 0.0210007
0.635 0.0136222
0.636 0.00629278
0.637 0.000983767
0.638 0.00820382
0.639 0.0153638
0.64 0.0224602
0.641 0.0294897
0.642 0.0364488
0.643 0.0433345
0.644 0.0501434
0.645 0.0568727
0.646 0.0635192
0.647 0.0700803
0.648 0.076553
0.649 0.0829347
0.65 0.0892228
0.651 0.0954149
0.652 0.101509
0.653 0.107502
0.654 0.113392
0.655 0.119177
0.656 0.124855
0.657 0.130425
0.658 0.135884
0.659 0.141231
0.66 0.146464
0.661 0.151583
0.662 0.156584
0.663 0.161468
0.664 0.166234
0.665 0.170879
0.666 0.175404
0.667 0.179807
0.668 0.184088
0.669 0.188246
0.67 0.19228
0.671 0.196191
0.672 0.199978
0.673 0.20364
0.674 0.207178
0.675 0.210591
0.676 0.21388
0.677 0.217045
0.678 0.220085
0.679 0.223002
0.68 0.225796
0.681 0.228466
0.682 0.231015
0.683 0.233441
0.684 0.235747
0.685 0.237933
0.686 0.24
0.687 0.241948
0.688 0.243779
0.689 0.245494
0.69 0.247094
0.691 0.24858
0.692 0.249954
0.693 0.251216
0.694 0.252368
0.695 0.253412
0.696 0.254348
0.697 0.255179
0.698 0.255906
0.699 0.25653
0.7 0.257054
0.701 0.257478
0.702 0.257805
0.703 0.258035
0.704 0.258172
0.705 0.258216
0.706 0.25817
0.707 0.258035
0.708 0.257813
0.709 0.257506
0.71 0.257115
0.711 0.256643
0.712 0.256091
0.713 0.255462
0.714 0.254757
0.715 0.253977
0.716 0.253126
0.717 0.252204
0.718 0.251213
0.719 0.250157
0.72 0.249035
0.721 0.247851
0.722 0.246605
0.723 0.2453
0.724 0.243938
0.725 0.24252
0.726 0.241049
0.727 0.239525
0.728 0.237951
0.729 0.236329
0.73 0.234659
0.731 0.232945
0.732 0.231186
0.733 0.229386
0.734 0.227546
0.735 0.225668
0.736 0.223752
0.737 0.221801
0.738 0.219816
0.739 0.217799
0.74 0.215751
0.741 0.213674
0.742 0.211569
0.743 0.209437
0.744 0.207281
0.745 0.205101
0.746 0.202899
0.747 0.200676
0.748 0.198433
0.749 0.196172
0.75 0.193895
0.751 0.191602
0.752 0.189295
0.753 0.186974
0.754 0.184642
0.755 0.1823
0.756 0.179947
0.757 0.177587
0.758 0.175219
0.759 0.172846
0.76 0.170468
0.761 0.168086
0.762 0.165702
0.763 0.163316
0.764 0.160929
0.765 0.158544
0.766 0.15616
0.767 0.153779
0.768 0.151402
0.769 0.149029
0.77 0.146662
0.771 0.144303
0.772 0.141951
0.773 0.139608
0.774 0.137274
0.775 0.134951
0.776 0.132641
0.777 0.130342
0.778 0.128058
0.779 0.125787
0.78 0.123533
0.781 0.121294
0.782 0.119073
0.783 0.11687
0.784 0.114686
0.785 0.112522
0.786 0.110379
0.787 0.108257
0.788 0.106158
0.789 0.104082
0.79 0.10203
0.791 0.100003
0.792 0.098002
0.793 0.0960272
0.794 0.0940798
0.795 0.0921603
0.796 0.0902696
0.797 0.0884083
0.798 0.0865772
0.799 0.084777
0.8 0.0830083
0.801 0.0812718
0.802 0.079568
0.803 0.0778977
0.804 0.0762614
0.805 0.0746596
0.806 0.0730929
0.807 0.0715619
0.808 0.0700669
0.809 0.0686085
0.81 0.0671871
0.811 0.0658032
0.812 0.064457
0.813 0.063149
0.814 0.0618795
0.815 0.0606488
0.816 0.059457
0.817 0.0583046
0.818 0.0571915
0.819 0.0561181
0.82 0.0550845
0.821 0.0540907
0.822 0.0531367
0.823 0.0522227
0.824 0.0513486
0.825 0.0505144
0.826 0.0497199
0.827 0.0489651
0.828 0.0482497
0.829 0.0475737
0.83 0.0469367
0.831 0.0463384
0.832 0.0457787
0.833 0.0452571
0.834 0.0447732
0.835 0.0443267
0.836 0.043917
0.837 0.0435437
0.838 0.0432063
0.839 0.0429042
0.84 0.0426367
0.841 0.0424034
0.842 0.0422035
0.843 0.0420362
0.844 0.041901
0.845 0.041797
0.846 0.0417235
0.847 0.0416796
0.848 0.0416645
0.849 0.0416774
0.85 0.0417173
0.851 0.0417834
0.852 0.0418746
0.853 0.0419902
0.854 0.042129
0.855 0.0422901
0.856 0.0424725
0.857 0.0426751
0.858 0.042897
0.859 0.0431371
0.86 0.0433943
0.861 0.0436675
0.862 0.0439558
0.863 0.0442579
0.864 0.044573
0.865 0.0448998
0.866 0.0452372
0.867 0.0455843
0.868 0.04594
0.869 0.0463031
0.87 0.0466727
0.871 0.0470476
0.872 0.0474269
0.873 0.0478095
0.874 0.0481944
0.875 0.0485807
0.876 0.0489672
0.877 0.0493532
0.878 0.0497376
0.879 0.0501195
0.88 0.0504981
0.881 0.0508725
0.882 0.0512418
0.883 0.0516053
0.884 0.051962
0.885 0.0523114
0.886 0.0526527
0.887 0.0529851
0.888 0.0533081
0.889 0.053621
0.89 0.0539231
0.891 0.0542141
0.892 0.0544932
0.893 0.0547602
0.894 0.0550144
0.895 0.0552555
0.896 0.0554832
0.897 0.0556971
0.898 0.0558968
0.899 0.0560822
0.9 0.0562531
0.901 0.0564092
0.902 0.0565504
0.903 0.0566765
0.904 0.0567876
0.905 0.0568836
0.906 0.0569645
0.907 0.0570304
0.908 0.0570812
0.909 0.0571171
0.91 0.0571383
0.911 0.0571449
0.912 0.0571372
0.913 0.0571153
0.914 0.0570796
0.915 0.0570302
0.916 0.0569677
0.917 0.0568922
0.918 0.0568041
0.919 0.0567039
0.92 0.056592
0.921 0.0564687
0.922 0.0563347
0.923 0.0561902
0.924 0.0560358
0.925 0.0558721
0.926 0.0556994
0.927 0.0555184
0.928 0.0553296
0.929 0.0551336
0.93 0.0549307
0.931 0.0547217
0.932 0.0545071
0.933 0.0542875
0.934 0.0540633
0.935 0.0538352
0.936 0.0536037
0.937 0.0533693
0.938 0.0531327
0.939 0.0528942
0.94 0.0526546
0.941 0.0524142
0.942 0.0521736
0.943 0.0519333
0.944 0.0516937
0.945 0.0514553
0.946 0.0512186
0.947 0.050984
0.948 0.0507518
0.949 0.0505226
0.95 0.0502966
0.951 0.0500742
0.952 0.0498557
0.953 0.0496414
0.954 0.0494317
0.955 0.0492267
0.956 0.0490267
0.957 0.0488319
0.958 0.0486425
0.959 0.0484587
0.96 0.0482805
0.961 0.0481081
0.962 0.0479416
0.963 0.047781
0.964 0.0476263
0.965 0.0474776
0.966 0.0473348
0.967 0.0471979
0.968 0.0470668
0.969 0.0469414
0.97 0.0468217
0.971 0.0467075
0.972 0.0465985
0.973 0.0464947
0.974 0.0463959
0.975 0.0463018
0.976 0.0462122
0.977 0.0461268
0.978 0.0460454
0.979 0.0459677
0.98 0.0458934
0.981 0.0458222
0.982 0.0457538
0.983 0.0456878
0.984 0.0456239
0.985 0.0455617
0.986 0.045501
0.987 0.0454412
0.988 0.0453822
0.989 0.0453234
0.99 0.0452646
0.991 0.0452054
0.992 0.0451454
0.993 0.0450843
0.994 0.0450216
0.995 0.0449571
0.996 0.0448904
0.997 0.0448211
0.998 0.044749
0.999 0.0446736
