-32.8148 0.333463
-32.5961 0.333502
-32.3773 0.333547
-32.1586 0.333608
-31.9398 0.333682
-31.721 0.333775
-31.5022 0.333888
-31.2835 0.334028
-31.0647 0.334197
-30.8459 0.334405
-30.6272 0.334655
-30.4084 0.334956
-30.1896 0.335316
-29.9709 0.335741
-29.7521 0.336247
-29.5333 0.33684
-29.3146 0.337533
-29.0958 0.338339
-28.877 0.339269
-28.6583 0.340339
-28.4395 0.341559
-28.2207 0.342946
-28.002 0.344512
-27.7832 0.346269
-27.5644 0.348229
-27.3457 0.350403
-27.1269 0.352798
-26.9081 0.355421
-26.6894 0.358275
-26.4706 0.361362
-26.2518 0.364677
-26.0331 0.368218
-25.8143 0.371969
-25.5956 0.375918
-25.3768 0.380046
-25.158 0.384329
-24.9393 0.38874
-24.7205 0.393248
-24.5017 0.397818
-24.283 0.40241
-24.0642 0.406984
-23.8454 0.4115
-23.6267 0.41591
-23.4079 0.420173
-23.1891 0.424243
-22.9704 0.428081
-22.7516 0.431645
-22.5328 0.434898
-22.3141 0.437807
-22.0953 0.440345
-21.8765 0.442489
-21.6578 0.444221
-21.439 0.445527
-21.2202 0.446403
-21.0015 0.446845
-20.7827 0.446859
-20.5639 0.446453
-20.3452 0.445636
-20.1264 0.444427
-19.9076 0.442842
-19.6889 0.440902
-19.4701 0.438622
-19.2513 0.436025
-19.0326 0.433133
-18.8138 0.429967
-18.595 0.426547
-18.3763 0.422902
-18.1575 0.419049
-17.9387 0.415023
-17.72 0.410855
-17.5012 0.406579
-17.2824 0.402235
-17.0637 0.397865
-16.8449 0.393519
-16.6261 0.389237
-16.4074 0.385069
-16.1886 0.381061
-15.9698 0.377248
-15.7511 0.37367
-15.5323 0.370351
-15.3135 0.367309
-15.0948 0.364554
-14.876 0.36209
-14.6572 0.35991
-14.4385 0.357999
-14.2197 0.356339
-14.0009 0.354904
-13.7822 0.353673
-13.5634 0.352615
-13.3446 0.351702
-13.1259 0.35091
-12.9071 0.350209
-12.6883 0.349578
-12.4696 0.348994
-12.2508 0.348435
-12.032 0.347888
-11.8133 0.347333
-11.5945 0.34676
-11.3757 0.346151
-11.157 0.3455
-10.9382 0.344796
-10.7194 0.34403
-10.5007 0.343198
-10.2819 0.342291
-10.0631 0.341308
-9.84436 0.340244
-9.62564 0.339097
-9.40679 0.33787
-9.18806 0.336559
-8.96934 0.335168
-8.75049 0.333699
-8.53176 0.332155
-8.31304 0.330541
-8.09419 0.32886
-7.87546 0.327122
-7.65674 0.325329
-7.43789 0.323492
-7.21916 0.321614
-7.00044 0.319704
-6.78159 0.317768
-6.56287 0.315814
-6.34414 0.313846
-6.12529 0.311867
-5.90657 0.309879
-5.68784 0.307876
-5.46899 0.305852
-5.25027 0.303788
-5.03154 0.301656
-4.81269 0.299419
-4.59397 0.297023
-4.37524 0.294397
-4.15639 0.291447
-3.93767 0.288071
-3.71894 0.284142
-3.50009 0.279529
-3.28137 0.274095
-3.06264 0.267717
-2.84379 0.260293
-2.62507 0.251763
-2.40634 0.242133
-2.18749 0.231477
-1.96877 0.219962
-1.75005 0.207846
-1.53119 0.195487
-1.31247 0.18331
-1.09375 0.171804
-0.874893 0.161477
-0.65617 0.152827
-0.437446 0.146294
-0.218593 0.142226
0.000129806 0.140844
0.218853 0.142226
0.437706 0.146294
0.656429 0.152827
0.875153 0.161477
1.09401 0.171804
1.31273 0.18331
1.53145 0.195487
1.75031 0.207846
1.96903 0.21996
2.18775 0.231477
2.4066 0.242133
2.62533 0.251765
2.84405 0.260293
3.0629 0.267717
3.28163 0.274095
3.50035 0.279529
3.7192 0.284142
3.93793 0.288071
4.15665 0.291447
4.3755 0.294397
4.59423 0.297023
4.81295 0.299419
5.0318 0.301656
5.25053 0.303788
5.46925 0.305852
5.6881 0.307876
5.90683 0.309879
6.12555 0.311867
6.3444 0.313846
6.56312 0.315814
6.78185 0.317768
7.0007 0.319704
7.21942 0.321614
7.43815 0.323492
7.657 0.325329
7.87572 0.327122
8.09445 0.32886
8.3133 0.330541
8.53202 0.332155
8.75075 0.333699
8.9696 0.335168
9.18832 0.336559
9.40705 0.33787
9.6259 0.339097
9.84462 0.340244
10.0633 0.341308
10.2822 0.342291
10.5009 0.343198
10.7196 0.34403
10.9385 0.344796
11.1572 0.3455
11.3759 0.346151
11.5948 0.34676
11.8135 0.347333
12.0322 0.347888
12.2511 0.348435
12.4698 0.348994
12.6885 0.349578
12.9074 0.350209
13.1261 0.35091
13.3448 0.351702
13.5637 0.352615
13.7824 0.353673
14.0011 0.354904
14.22 0.356339
14.4387 0.357999
14.6574 0.35991
14.8763 0.36209
15.095 0.364554
15.3137 0.367309
15.5326 0.370351
15.7513 0.37367
15.97 0.377248
16.1889 0.381061
16.4076 0.385069
16.6263 0.389237
16.8452 0.393519
17.0639 0.397865
17.2826 0.402235
17.5015 0.406579
17.7202 0.410855
17.9389 0.415023
18.1578 0.419049
18.3765 0.4229
18.5952 0.426547
18.8141 0.429967
19.0328 0.433133
19.2515 0.436025
19.4704 0.438622
19.6891 0.440902
19.9078 0.442842
20.1267 0.444427
20.3454 0.445636
20.5641 0.446453
20.783 0.446859
21.0017 0.446845
21.2204 0.446403
21.4393 0.445527
21.658 0.444221
21.8767 0.442489
22.0956 0.440345
22.3143 0.437807
22.533 0.434898
22.7519 0.431645
22.9706 0.428081
23.1893 0.424243
23.4082 0.420173
23.6269 0.41591
23.8456 0.4115
24.0645 0.406984
24.2832 0.40241
24.5019 0.397818
24.7208 0.393248
24.9395 0.38874
25.1582 0.384329
25.3771 0.380046
25.5958 0.375918
25.8145 0.371969
26.0334 0.368218
26.2521 0.364677
26.4708 0.361362
26.6897 0.358275
26.9084 0.355421
27.1271 0.352798
27.346 0.350403
27.5647 0.348229
27.7834 0.346269
28.0023 0.344512
28.221 0.342946
28.4397 0.341559
28.6586 0.340339
28.8773 0.339269
29.096 0.338339
29.3149 0.337533
29.5336 0.33684
29.7523 0.336247
29.9712 0.335741
30.1899 0.335316
30.4086 0.334956
30.6275 0.334655
30.8462 0.334405
31.0649 0.334197
31.2838 0.334028
31.5025 0.333888
31.7212 0.333775
31.9401 0.333682
32.1588 0.333608
32.3775 0.333547
32.5964 0.333502
32.8151 0.333463
