-4.79739 331.518
-4.69745 331.091
-4.59752 330.1
-4.49758 331.572
-4.39764 331.156
-4.2977 330.634
-4.19776 330.561
-4.09782 331.668
-3.99789 331.148
-3.89795 330.95
-3.79801 330.245
-3.69807 330.984
-3.59813 331.457
-3.4982 330.355
-3.39826 331.792
-3.29832 330.722
-3.19838 331.811
-3.09844 331.615
-2.99851 331.864
-2.89857 332.988
-2.79863 336.767
-2.69869 341.677
-2.59875 353.013
-2.49882 367.763
-2.39888 387.729
-2.29894 409.066
-2.199 423.781
-2.09906 433.693
-1.99912 434.462
-1.89919 429.297
-1.79925 415.653
-1.69931 397.699
-1.59937 377.625
-1.49943 359.34
-1.3995 345.249
-1.29956 337.489
-1.19962 331.881
-1.09968 331.256
-0.99974 329.009
-0.89981 329.034
-0.79987 325.766
-0.69993 321.722
-0.59999 315.114
-0.50005 307.173
-0.40012 299.404
-0.30018 289.868
-0.20024 277.843
-0.1003 263.499
-0.00036 249.549
0.09958 240.332
0.19951 241.117
0.29945 250.479
0.39939 265.448
0.49933 278.049
0.59927 288.816
0.6992 298.792
0.79914 307.244
0.89908 315.458
0.99902 321.343
1.09896 325.701
1.19889 327.642
1.29883 328.754
1.39877 329.173
1.49871 330.55
1.59865 334.74
1.69858 343.993
1.79852 358.774
1.89846 378.365
1.9984 397.753
2.09834 415.17
2.19827 428.028
2.29821 435.212
2.39815 435.331
2.49809 424.808
2.59803 408.303
2.69796 386.985
2.7979 367.579
2.89784 352.089
2.99778 342.196
3.09772 336.622
3.19766 333.632
3.29759 332.093
3.39753 331.641
3.49747 331.578
3.59741 331.806
3.69735 330.271
3.79728 331.11
3.89722 331.2
3.99716 330.597
4.0971 331.081
4.19704 330.808
4.29697 331.011
4.39691 330.941
4.49685 330.55
4.59679 331.366
4.69673 330.985
4.79666 330.879
4.8966 330.72
4.99654 331.01
5.09648 329.942
