0 1.45338
0.001 1.4527
0.002 1.45066
0.003 1.44726
0.004 1.44251
0.005 1.4364
0.006 1.42895
0.007 1.42015
0.008 1.41001
0.009 1.39854
0.01 1.38574
0.011 1.37163
0.012 1.35621
0.013 1.33949
0.014 1.32148
0.015 1.3022
0.016 1.28165
0.017 1.25984
0.018 1.23681
0.019 1.21254
0.02 1.18707
0.021 1.16041
0.022 1.13257
0.023 1.10357
0.024 1.07343
0.025 1.04216
0.026 1.0098
0.027 0.97635
0.028 0.941839
0.029 0.906287
0.03 0.869717
0.031 0.832149
0.032 0.793608
0.033 0.754116
0.034 0.713699
0.035 0.672379
0.036 0.630183
0.037 0.587136
0.038 0.543264
0.039 0.498593
0.04 0.45315
0.041 0.406962
0.042 0.360057
0.043 0.312463
0.044 0.264208
0.045 0.215321
0.046 0.16583
0.047 0.115764
0.048 0.0651532
0.049 0.0140268
0.05 0.0375854
0.051 0.0896535
0.052 0.142147
0.053 0.195037
0.054 0.248291
0.055 0.30188
0.056 0.355774
0.057 0.40994
0.058 0.46435
0.059 0.518972
0.06 0.573776
0.061 0.628731
0.062 0.683806
0.063 0.738971
0.064 0.794196
0.065 0.84945
0.066 0.904703
0.067 0.959925
0.068 1.01509
0.069 1.07016
0.07 1.12511
0.071 1.17991
0.072 1.23453
0.073 1.28895
0.074 1.34313
0.075 1.39704
0.076 1.45066
0.077 1.50397
0.078 1.55692
0.079 1.6095
0.08 1.66169
0.081 1.71344
0.082 1.76474
0.083 1.81556
0.084 1.86588
0.085 1.91567
0.086 1.9649
0.087 2.01356
0.088 2.06162
0.089 2.10905
0.09 2.15584
0.091 2.20196
0.092 2.24739
0.093 2.29211
0.094 2.3361
0.095 2.37934
0.096 2.42181
0.097 2.46348
0.098 2.50435
0.099 2.54439
0.1 2.58359
0.101 2.62192
0.102 2.65938
0.103 2.69594
0.104 2.7316
0.105 2.76633
0.106 2.80012
0.107 2.83296
0.108 2.86484
0.109 2.89574
0.11 2.92565
0.111 2.95456
0.112 2.98246
0.113 3.00933
0.114 3.03518
0.115 3.05998
0.116 3.08373
0.117 3.10643
0.118 3.12806
0.119 3.14862
0.12 3.1681
0.121 3.18649
0.122 3.2038
0.123 3.22001
0.124 3.23513
0.125 3.24914
0.126 3.26204
0.127 3.27384
0.128 3.28453
0.129 3.29411
0.13 3.30258
0.131 3.30993
0.132 3.31617
0.133 3.3213
0.134 3.32532
0.135 3.32823
0.136 3.33003
0.137 3.33073
0.138 3.33032
0.139 3.32882
0.14 3.32623
0.141 3.32255
0.142 3.31778
0.143 3.31194
0.144 3.30503
0.145 3.29705
0.146 3.28801
0.147 3.27792
0.148 3.26679
0.149 3.25462
0.15 3.24143
0.151 3.22722
0.152 3.21201
0.153 3.1958
0.154 3.1786
0.155 3.16042
0.156 3.14128
0.157 3.12119
0.158 3.10016
0.159 3.0782
0.16 3.05532
0.161 3.03154
0.162 3.00688
0.163 2.98133
0.164 2.95493
0.165 2.92768
0.166 2.8996
0.167 2.87071
0.168 2.84101
0.169 2.81053
0.17 2.77928
0.171 2.74728
0.172 2.71454
0.173 2.68109
0.174 2.64693
0.175 2.6121
0.176 2.57659
0.177 2.54045
0.178 2.50367
0.179 2.46628
0.18 2.4283
0.181 2.38975
0.182 2.35065
0.183 2.31102
0.184 2.27087
0.185 2.23023
0.186 2.18911
0.187 2.14754
0.188 2.10554
0.189 2.06313
0.19 2.02033
0.191 1.97716
0.192 1.93363
0.193 1.88978
0.194 1.84563
0.195 1.80118
0.196 1.75648
0.197 1.71153
0.198 1.66636
0.199 1.62099
0.2 1.57545
0.201 1.52974
0.202 1.48391
0.203 1.43796
0.204 1.39192
0.205 1.34581
0.206 1.29966
0.207 1.25348
0.208 1.2073
0.209 1.16113
0.21 1.11501
0.211 1.06895
0.212 1.02297
0.213 0.977091
0.214 0.931341
0.215 0.885738
0.216 0.840302
0.217 0.795055
0.218 0.750017
0.219 0.705209
0.22 0.660651
0.221 0.616364
0.222 0.572368
0.223 0.528682
0.224 0.485326
0.225 0.442319
0.226 0.399681
0.227 0.357431
0.228 0.315587
0.229 0.274167
0.23 0.23319
0.231 0.192673
0.232 0.152635
0.233 0.113091
0.234 0.0740598
0.235 0.0355569
0.236 0.00240114
0.237 0.0397986
0.238 0.0766198
0.239 0.11285
0.24 0.148474
0.241 0.183477
0.242 0.217847
0.243 0.251568
0.244 0.284628
0.245 0.317015
0.246 0.348715
0.247 0.379717
0.248 0.41001
0.249 0.439582
0.25 0.468423
0.251 0.496523
0.252 0.523873
0.253 0.550462
0.254 0.576283
0.255 0.601327
0.256 0.625586
0.257 0.649054
0.258 0.671723
0.259 0.693588
0.26 0.714642
0.261 0.73488
0.262 0.754297
0.263 0.77289
0.264 0.790654
0.265 0.807586
0.266 0.823683
0.267 0.838944
0.268 0.853366
0.269 0.866948
0.27 0.879689
0.271 0.89159
0.272 0.90265
0.273 0.912869
0.274 0.922251
0.275 0.930795
0.276 0.938504
0.277 0.945382
0.278 0.951431
0.279 0.956654
0.28 0.961056
0.281 0.964642
0.282 0.967416
0.283 0.969385
0.284 0.970553
0.285 0.970927
0.286 0.970515
0.287 0.969323
0.288 0.967359
0.289 0.964631
0.29 0.961148
0.291 0.956918
0.292 0.951951
0.293 0.946255
0.294 0.939843
0.295 0.932722
0.296 0.924905
0.297 0.916403
0.298 0.907226
0.299 0.897386
0.3 0.886896
0.301 0.875767
0.302 0.864012
0.303 0.851644
0.304 0.838677
0.305 0.825122
0.306 0.810995
0.307 0.796309
0.308 0.781077
0.309 0.765315
0.31 0.749036
0.311 0.732255
0.312 0.714987
0.313 0.697247
0.314 0.67905
0.315 0.660411
0.316 0.641346
0.317 0.62187
0.318 0.601999
0.319 0.581748
0.32 0.561133
0.321 0.540169
0.322 0.518874
0.323 0.497262
0.324 0.475349
0.325 0.453153
0.326 0.430687
0.327 0.407969
0.328 0.385015
0.329 0.361839
0.33 0.338459
0.331 0.31489
0.332 0.291148
0.333 0.267249
0.334 0.243207
0.335 0.21904
0.336 0.194762
0.337 0.170388
0.338 0.145935
0.339 0.121417
0.34 0.096849
0.341 0.0722462
0.342 0.0476232
0.343 0.0229947
0.344 0.00162487
0.345 0.0262212
0.346 0.0507803
0.347 0.0752881
0.348 0.099731
0.349 0.124095
0.35 0.148368
0.351 0.172535
0.352 0.196585
0.353 0.220503
0.354 0.244279
0.355 0.267899
0.356 0.291352
0.357 0.314625
0.358 0.337708
0.359 0.360588
0.36 0.383255
0.361 0.405697
0.362 0.427905
0.363 0.449868
0.364 0.471576
0.365 0.493018
0.366 0.514187
0.367 0.535071
0.368 0.555662
0.369 0.575952
0.37 0.595932
0.371 0.615593
0.372 0.634928
0.373 0.653928
0.374 0.672588
0.375 0.690899
0.376 0.708854
0.377 0.726447
0.378 0.743672
0.379 0.760522
0.38 0.776991
0.381 0.793075
0.382 0.808768
0.383 0.824065
0.384 0.838961
0.385 0.853451
0.386 0.867532
0.387 0.881199
0.388 0.894449
0.389 0.907279
0.39 0.919685
0.391 0.931664
0.392 0.943213
0.393 0.954331
0.394 0.965015
0.395 0.975262
0.396 0.985072
0.397 0.994444
0.398 1.00337
0.399 1.01186
0.4 1.01991
0.401 1.02752
0.402 1.03468
0.403 1.0414
0.404 1.04768
0.405 1.05351
0.406 1.0589
0.407 1.06385
0.408 1.06837
0.409 1.07244
0.41 1.07608
0.411 1.07928
0.412 1.08204
0.413 1.08438
0.414 1.08628
0.415 1.08776
0.416 1.08882
0.417 1.08945
0.418 1.08966
0.419 1.08946
0.42 1.08885
0.421 1.08783
0.422 1.0864
0.423 1.08457
0.424 1.08235
0.425 1.07973
0.426 1.07672
0.427 1.07333
0.428 1.06956
0.429 1.06541
0.43 1.0609
0.431 1.05601
0.432 1.05077
0.433 1.04518
0.434 1.03923
0.435 1.03295
0.436 1.02632
0.437 1.01936
0.438 1.01208
0.439 1.00448
0.44 0.996562
0.441 0.988338
0.442 0.979814
0.443 0.970994
0.444 0.961887
0.445 0.952499
0.446 0.942836
0.447 0.932905
0.448 0.922714
0.449 0.91227
0.45 0.901579
0.451 0.890649
0.452 0.879486
0.453 0.868099
0.454 0.856495
0.455 0.844681
0.456 0.832665
0.457 0.820454
0.458 0.808055
0.459 0.795477
0.46 0.782728
0.461 0.769814
0.462 0.756744
0.463 0.743526
0.464 0.730166
0.465 0.716674
0.466 0.703057
0.467 0.689323
0.468 0.675479
0.469 0.661534
0.47 0.647496
0.471 0.633372
0.472 0.61917
0.473 0.604898
0.474 0.590564
0.475 0.576176
0.476 0.561742
0.477 0.547268
0.478 0.532764
0.479 0.518237
0.48 0.503693
0.481 0.489142
0.482 0.47459
0.483 0.460046
0.484 0.445516
0.485 0.431007
0.486 0.416528
0.487 0.402085
0.488 0.387685
0.489 0.373336
0.49 0.359045
0.491 0.344818
0.492 0.330662
0.493 0.316585
0.494 0.302592
0.495 0.28869
0.496 0.274885
0.497 0.261184
0.498 0.247594
0.499 0.234119
0.5 0.220766
0.501 0.207541
0.502 0.194449
0.503 0.181496
0.504 0.168688
0.505 0.156029
0.506 0.143525
0.507 0.13118
0.508 0.119
0.509 0.10699
0.51 0.0951531
0.511 0.0834946
0.512 0.0720185
0.513 0.0607289
0.514 0.0496297
0.515 0.0387247
0.516 0.0280174
0.517 0.0175113
0.518 0.0072097
0.519 0.0028844
0.52 0.012768
0.521 0.0224384
0.522 0.031893
0.523 0.0411294
0.524 0.0501453
0.525 0.0589387
0.526 0.0675075
0.527 0.0758502
0.528 0.0839652
0.529 0.091851
0.53 0.0995064
0.531 0.10693
0.532 0.114122
0.533 0.121081
0.534 0.127806
0.535 0.134297
0.536 0.140554
0.537 0.146576
0.538 0.152365
0.539 0.157919
0.54 0.16324
0.541 0.168328
0.542 0.173184
0.543 0.177809
0.544 0.182203
0.545 0.186368
0.546 0.190306
0.547 0.194017
0.548 0.197503
0.549 0.200766
0.55 0.203808
0.551 0.20663
0.552 0.209236
0.553 0.211626
0.554 0.213804
0.555 0.215772
0.556 0.217532
0.557 0.219088
0.558 0.220441
0.559 0.221595
0.56 0.222553
0.561 0.223317
0.562 0.223891
0.563 0.224279
0.564 0.224483
0.565 0.224507
0.566 0.224354
0.567 0.224028
0.568 0.223532
0.569 0.222871
0.57 0.222047
0.571 0.221064
0.572 0.219927
0.573 0.218639
0.574 0.217204
0.575 0.215626
0.576 0.213908
0.577 0.212055
0.578 0.210072
0.579 0.207961
0.58 0.205726
0.581 0.203373
0.582 0.200904
0.583 0.198324
0.584 0.195637
0.585 0.192848
0.586 0.189959
0.587 0.186975
0.588 0.1839
0.589 0.180738
0.59 0.177493
0.591 0.174169
0.592 0.17077
0.593 0.167299
0.594 0.163761
0.595 0.16016
0.596 0.156499
0.597 0.152781
0.598 0.149011
0.599 0.145193
0.6 0.141329
0.601 0.137424
0.602 0.133481
0.603 0.129503
0.604 0.125495
0.605 0.121458
0.606 0.117397
0.607 0.113315
0.608 0.109214
0.609 0.105099
0.61 0.100972
0.611 0.0968359
0.612 0.0926939
0.613 0.088549
0.614 0.0844037
0.615 0.080261
0.616 0.0761235
0.617 0.0719937
0.618 0.0678743
0.619 0.0637677
0.62 0.0596763
0.621 0.0556024
0.622 0.0515484
0.623 0.0475165
0.624 0.0435088
0.625 0.0395273
0.626 0.0355741
0.627 0.0316512
0.628 0.0277604
0.629 0.0239036
0.63 0.0200825
0.631 0.0162987
0.632 0.012554
0.633 0.00884984
0.634 0.00518781
0.635 0.00156931
0.636 0.00200424
0.637 0.00553154
0.638 0.0090113
0.639 0.0124423
0.64 0.0158234
0.641 0.0191535
0.642 0.0224315
0.643 0.0256565
0.644 0.0288274
0.645 0.0319434
0.646 0.0350037
0.647 0.0380074
0.648 0.0409538
0.649 0.0438422
0.65 0.0466719
0.651 0.0494424
0.652 0.0521529
0.653 0.0548031
0.654 0.0573924
0.655 0.0599204
0.656 0.0623866
0.657 0.0647907
0.658 0.0671324
0.659 0.0694113
0.66 0.0716273
0.661 0.07378
0.662 0.0758693
0.663 0.0778951
0.664 0.0798572
0.665 0.0817554
0.666 0.0835898
0.667 0.0853604
0.668 0.0870671
0.669 0.0887099
0.67 0.0902889
0.671 0.0918042
0.672 0.0932559
0.673 0.0946442
0.674 0.0959691
0.675 0.097231
0.676 0.09843
0.677 0.0995664
0.678 0.10064
0.679 0.101652
0.68 0.102603
0.681 0.103491
0.682 0.104319
0.683 0.105086
0.684 0.105793
0.685 0.106441
0.686 0.107028
0.687 0.107557
0.688 0.108028
0.689 0.108441
0.69 0.108797
0.691 0.109096
0.692 0.109339
0.693 0.109527
0.694 0.10966
0.695 0.109738
0.696 0.109764
0.697 0.109736
0.698 0.109657
0.699 0.109527
0.7 0.109346
0.701 0.109115
0.702 0.108836
0.703 0.108509
0.704 0.108134
0.705 0.107714
0.706 0.107248
0.707 0.106738
0.708 0.106184
0.709 0.105588
0.71 0.104951
0.711 0.104273
0.712 0.103556
0.713 0.1028
0.714 0.102007
0.715 0.101178
0.716 0.100314
0.717 0.0994152
0.718 0.098484
0.719 0.0975211
0.72 0.0965276
0.721 0.0955047
0.722 0.0944537
0.723 0.0933756
0.724 0.0922718
0.725 0.0911434
0.726 0.0899917
0.727 0.088818
0.728 0.0876235
0.729 0.0864095
0.73 0.0851772
0.731 0.0839279
0.732 0.0826629
0.733 0.0813836
0.734 0.0800911
0.735 0.0787868
0.736 0.0774721
0.737 0.0761481
0.738 0.0748161
0.739 0.0734776
0.74 0.0721337
0.741 0.0707858
0.742 0.0694351
0.743 0.0680829
0.744 0.0667304
0.745 0.065379
0.746 0.0640299
0.747 0.0626842
0.748 0.0613433
0.749 0.0600083
0.75 0.0586804
0.751 0.0573607
0.752 0.0560505
0.753 0.0547509
0.754 0.053463
0.755 0.0521878
0.756 0.0509265
0.757 0.0496801
0.758 0.0484495
0.759 0.0472359
0.76 0.0460402
0.761 0.0448632
0.762 0.043706
0.763 0.0425694
0.764 0.0414542
0.765 0.0403612
0.766 0.0392913
0.767 0.0382452
0.768 0.0372236
0.769 0.0362271
0.77 0.0352565
0.771 0.0343122
0.772 0.033395
0.773 0.0325052
0.774 0.0316435
0.775 0.0308101
0.776 0.0300056
0.777 0.0292304
0.778 0.0284846
0.779 0.0277688
0.78 0.027083
0.781 0.0264274
0.782 0.0258024
0.783 0.0252079
0.784 0.0246441
0.785 0.024111
0.786 0.0236086
0.787 0.0231368
0.788 0.0226957
0.789 0.022285
0.79 0.0219047
0.791 0.0215545
0.792 0.0212342
0.793 0.0209435
0.794 0.0206821
0.795 0.0204497
0.796 0.0202459
0.797 0.0200703
0.798 0.0199223
0.799 0.0198017
0.8 0.0197078
0.801 0.01964
0.802 0.0195979
0.803 0.0195808
0.804 0.0195881
0.805 0.0196191
0.806 0.0196732
0.807 0.0197495
0.808 0.0198475
0.809 0.0199664
0.81 0.0201053
0.811 0.0202636
0.812 0.0204403
0.813 0.0206347
0.814 0.020846
0.815 0.0210732
0.816 0.0213155
0.817 0.0215721
0.818 0.021842
0.819 0.0221244
0.82 0.0224184
0.821 0.0227231
0.822 0.0230375
0.823 0.0233608
0.824 0.0236921
0.825 0.0240305
0.826 0.0243751
0.827 0.0247249
0.828 0.0250791
0.829 0.0254369
0.83 0.0257973
0.831 0.0261594
0.832 0.0265225
0.833 0.0268857
0.834 0.0272481
0.835 0.027609
0.836 0.0279675
0.837 0.0283229
0.838 0.0286745
0.839 0.0290214
0.84 0.029363
0.841 0.0296985
0.842 0.0300274
0.843 0.0303488
0.844 0.0306623
0.845 0.0309671
0.846 0.0312628
0.847 0.0315488
0.848 0.0318244
0.849 0.0320893
0.85 0.032343
0.851 0.032585
0.852 0.0328148
0.853 0.0330322
0.854 0.0332367
0.855 0.0334281
0.856 0.0336059
0.857 0.03377
0.858 0.0339201
0.859 0.034056
0.86 0.0341774
0.861 0.0342843
0.862 0.0343765
0.863 0.0344539
0.864 0.0345164
0.865 0.034564
0.866 0.0345967
0.867 0.0346145
0.868 0.0346174
0.869 0.0346055
0.87 0.0345789
0.871 0.0345376
0.872 0.0344819
0.873 0.0344118
0.874 0.0343276
0.875 0.0342295
0.876 0.0341176
0.877 0.0339923
0.878 0.0338539
0.879 0.0337024
0.88 0.0335384
0.881 0.0333621
0.882 0.0331738
0.883 0.0329739
0.884 0.0327627
0.885 0.0325407
0.886 0.0323081
0.887 0.0320654
0.888 0.0318131
0.889 0.0315514
0.89 0.0312809
0.891 0.0310019
0.892 0.0307149
0.893 0.0304203
0.894 0.0301186
0.895 0.0298102
0.896 0.0294955
0.897 0.0291751
0.898 0.0288492
0.899 0.0285184
0.9 0.0281832
0.901 0.0278438
0.902 0.0275008
0.903 0.0271546
0.904 0.0268057
0.905 0.0264543
0.906 0.0261009
0.907 0.025746
0.908 0.0253899
0.909 0.0250329
0.91 0.0246754
0.911 0.0243179
0.912 0.0239606
0.913 0.0236038
0.914 0.0232479
0.915 0.0228932
0.916 0.0225399
0.917 0.0221884
0.918 0.0218389
0.919 0.0214916
0.92 0.0211468
0.921 0.0208047
0.922 0.0204655
0.923 0.0201293
0.924 0.0197964
0.925 0.0194669
0.926 0.019141
0.927 0.0188186
0.928 0.0185001
0.929 0.0181854
0.93 0.0178746
0.931 0.0175678
0.932 0.0172651
0.933 0.0169664
0.934 0.0166718
0.935 0.0163813
0.936 0.0160949
0.937 0.0158125
0.938 0.0155342
0.939 0.0152599
0.94 0.0149894
0.941 0.0147228
0.942 0.01446
0.943 0.0142008
0.944 0.0139452
0.945 0.0136931
0.946 0.0134443
0.947 0.0131987
0.948 0.0129562
0.949 0.0127167
0.95 0.0124799
0.951 0.0122458
0.952 0.0120142
0.953 0.0117849
0.954 0.0115578
0.955 0.0113327
0.956 0.0111094
0.957 0.0108877
0.958 0.0106676
0.959 0.0104488
0.96 0.0102312
0.961 0.0100146
0.962 0.00979878
0.963 0.00958366
0.964 0.00936906
0.965 0.00915483
0.966 0.00894081
0.967 0.00872687
0.968 0.00851287
0.969 0.00829867
0.97 0.00808415
0.971 0.00786921
0.972 0.00765371
0.973 0.00743758
0.974 0.00722071
0.975 0.00700301
0.976 0.00678443
0.977 0.00656488
0.978 0.00634432
0.979 0.0061227
0.98 0.00589999
0.981 0.00567616
0.982 0.00545121
0.983 0.00522512
0.984 0.00499791
0.985 0.0047696
0.986 0.00454021
0.987 0.0043098
0.988 0.00407841
0.989 0.0038461
0.99 0.00361296
0.991 0.00337907
0.992 0.00314452
0.993 0.00290942
0.994 0.00267389
0.995 0.00243806
0.996 0.00220205
0.997 0.00196603
0.998 0.00173015
0.999 0.00149456
