-3.93924 334.298
-3.85699 333.259
-3.77474 334.205
-3.69249 332.734
-3.61024 332.536
-3.52799 334.032
-3.44574 333.764
-3.36349 332.461
-3.28124 333.578
-3.19899 333.589
-3.11674 332.222
-3.03449 334.233
-2.95224 333.756
-2.86999 333.438
-2.78774 334.439
-2.70549 336.117
-2.62324 336.704
-2.54099 340.326
-2.45874 347.681
-2.37649 355.704
-2.29424 367.57
-2.21199 382.619
-2.12974 398.079
-2.04749 414.955
-1.96524 426.223
-1.88299 431.166
-1.80074 432.81
-1.71849 426.442
-1.63624 416.17
-1.55399 403.016
-1.47174 387.724
-1.38949 373.035
-1.30724 355.132
-1.22499 338.896
-1.14274 323.288
-1.06049 310.763
-0.97824 303.791
-0.89599 296.521
-0.81374 292.621
-0.73149 290.018
-0.64924 288.041
-0.56699 284.845
-0.48474 281.966
-0.40249 277.432
-0.32024 270.859
-0.238 265.043
-0.15575 257.535
-0.0735 250.871
0.00875 244.258
0.091 240.683
0.17325 240.654
0.2555 244.174
0.33775 250.811
0.42 258.033
0.50225 265.659
0.5845 272.206
0.66675 277.917
0.749 282.281
0.83125 286.313
0.9135 288.055
0.99575 290.287
1.078 294.611
1.16025 298.533
1.2425 305.517
1.32475 314.539
1.407 326.601
1.48925 341.496
1.5715 358.955
1.65375 374.04
1.736 391.298
1.81825 405.691
1.9005 416.678
1.98275 426.076
2.065 430.833
2.14725 429.652
2.2295 424.211
2.31175 410.547
2.394 395.697
2.47625 380.859
2.5585 365.928
2.64075 355.035
2.723 345.758
2.80525 340.095
2.8875 336.784
2.96975 334.758
3.052 334.855
3.13425 334.127
3.2165 333.915
3.29875 332.872
3.38099 333.499
3.46324 332.603
3.54549 333.402
3.62774 333.277
3.70999 333.883
3.79224 333.828
3.87449 332.69
3.95674 333.445
4.03899 333.577
4.12124 332.712
4.20349 332.459
