0 0.329749
0.001 0.329294
0.002 0.327929
0.003 0.325654
0.004 0.322471
0.005 0.318381
0.006 0.313386
0.007 0.307489
0.008 0.300694
0.009 0.293002
0.01 0.284419
0.011 0.274949
0.012 0.264596
0.013 0.253367
0.014 0.241265
0.015 0.228299
0.016 0.214474
0.017 0.199797
0.018 0.184276
0.019 0.167919
0.02 0.150733
0.021 0.132729
0.022 0.113915
0.023 0.0943
0.024 0.0738947
0.025 0.0527093
0.026 0.0307545
0.027 0.00804142
0.028 0.0154184
0.029 0.0396131
0.03 0.0645304
0.031 0.0901578
0.032 0.116482
0.033 0.14349
0.034 0.171169
0.035 0.199503
0.036 0.22848
0.037 0.258084
0.038 0.2883
0.039 0.319114
0.04 0.350509
0.041 0.38247
0.042 0.414982
0.043 0.448027
0.044 0.48159
0.045 0.515653
0.046 0.550199
0.047 0.585212
0.048 0.620673
0.049 0.656566
0.05 0.692872
0.051 0.729574
0.052 0.766652
0.053 0.80409
0.054 0.841867
0.055 0.879967
0.056 0.918369
0.057 0.957055
0.058 0.996006
0.059 1.0352
0.06 1.07463
0.061 1.11426
0.062 1.15407
0.063 1.19406
0.064 1.2342
0.065 1.27446
0.066 1.31484
0.067 1.3553
0.068 1.39584
0.069 1.43642
0.07 1.47704
0.071 1.51767
0.072 1.55829
0.073 1.59889
0.074 1.63944
0.075 1.67992
0.076 1.72031
0.077 1.7606
0.078 1.80077
0.079 1.8408
0.08 1.88066
0.081 1.92034
0.082 1.95982
0.083 1.99908
0.084 2.03811
0.085 2.07688
0.086 2.11538
0.087 2.15359
0.088 2.19148
0.089 2.22905
0.09 2.26628
0.091 2.30314
0.092 2.33963
0.093 2.37572
0.094 2.4114
0.095 2.44665
0.096 2.48146
0.097 2.5158
0.098 2.54967
0.099 2.58305
0.1 2.61592
0.101 2.64827
0.102 2.68009
0.103 2.71135
0.104 2.74205
0.105 2.77217
0.106 2.8017
0.107 2.83062
0.108 2.85893
0.109 2.88661
0.11 2.91364
0.111 2.94002
0.112 2.96574
0.113 2.99077
0.114 3.01512
0.115 3.03878
0.116 3.06172
0.117 3.08395
0.118 3.10544
0.119 3.1262
0.12 3.14622
0.121 3.16548
0.122 3.18398
0.123 3.20171
0.124 3.21866
0.125 3.23482
0.126 3.2502
0.127 3.26478
0.128 3.27855
0.129 3.29152
0.13 3.30367
0.131 3.31501
0.132 3.32552
0.133 3.3352
0.134 3.34405
0.135 3.35207
0.136 3.35925
0.137 3.36559
0.138 3.37109
0.139 3.37575
0.14 3.37956
0.141 3.38252
0.142 3.38464
0.143 3.38591
0.144 3.38633
0.145 3.38591
0.146 3.38464
0.147 3.38252
0.148 3.37956
0.149 3.37576
0.15 3.37111
0.151 3.36563
0.152 3.35931
0.153 3.35217
0.154 3.34419
0.155 3.33539
0.156 3.32577
0.157 3.31533
0.158 3.30408
0.159 3.29203
0.16 3.27917
0.161 3.26552
0.162 3.25108
0.163 3.23586
0.164 3.21986
0.165 3.2031
0.166 3.18557
0.167 3.16729
0.168 3.14826
0.169 3.12849
0.17 3.10799
0.171 3.08677
0.172 3.06484
0.173 3.0422
0.174 3.01887
0.175 2.99486
0.176 2.97017
0.177 2.94482
0.178 2.91881
0.179 2.89216
0.18 2.86487
0.181 2.83696
0.182 2.80845
0.183 2.77933
0.184 2.74962
0.185 2.71934
0.186 2.6885
0.187 2.6571
0.188 2.62517
0.189 2.5927
0.19 2.55973
0.191 2.52625
0.192 2.49228
0.193 2.45784
0.194 2.42293
0.195 2.38758
0.196 2.35179
0.197 2.31558
0.198 2.27896
0.199 2.24195
0.2 2.20456
0.201 2.1668
0.202 2.12869
0.203 2.09024
0.204 2.05147
0.205 2.01239
0.206 1.97302
0.207 1.93336
0.208 1.89344
0.209 1.85327
0.21 1.81287
0.211 1.77224
0.212 1.73141
0.213 1.69038
0.214 1.64918
0.215 1.60782
0.216 1.56631
0.217 1.52466
0.218 1.4829
0.219 1.44104
0.22 1.39909
0.221 1.35706
0.222 1.31498
0.223 1.27285
0.224 1.23069
0.225 1.18852
0.226 1.14635
0.227 1.1042
0.228 1.06207
0.229 1.01998
0.23 0.977958
0.231 0.936003
0.232 0.894135
0.233 0.852367
0.234 0.810713
0.235 0.769187
0.236 0.727802
0.237 0.686574
0.238 0.645514
0.239 0.604637
0.24 0.563955
0.241 0.523483
0.242 0.483233
0.243 0.443217
0.244 0.403449
0.245 0.363942
0.246 0.324708
0.247 0.285758
0.248 0.247106
0.249 0.208763
0.25 0.170742
0.251 0.133053
0.252 0.0957081
0.253 0.058719
0.254 0.0220965
0.255 0.0141484
0.256 0.050005
0.257 0.0854627
0.258 0.120511
0.259 0.155141
0.26 0.189341
0.261 0.223102
0.262 0.256415
0.263 0.28927
0.264 0.321658
0.265 0.353571
0.266 0.385
0.267 0.415936
0.268 0.446372
0.269 0.476298
0.27 0.505709
0.271 0.534596
0.272 0.562952
0.273 0.59077
0.274 0.618043
0.275 0.644766
0.276 0.670931
0.277 0.696533
0.278 0.721566
0.279 0.746025
0.28 0.769904
0.281 0.793199
0.282 0.815905
0.283 0.838017
0.284 0.859531
0.285 0.880444
0.286 0.900751
0.287 0.920451
0.288 0.939538
0.289 0.958011
0.29 0.975866
0.291 0.993103
0.292 1.00972
0.293 1.02571
0.294 1.04108
0.295 1.05582
0.296 1.06993
0.297 1.08342
0.298 1.09628
0.299 1.10851
0.3 1.12011
0.301 1.13108
0.302 1.14143
0.303 1.15115
0.304 1.16024
0.305 1.16871
0.306 1.17656
0.307 1.18379
0.308 1.1904
0.309 1.19639
0.31 1.20177
0.311 1.20654
0.312 1.2107
0.313 1.21426
0.314 1.21722
0.315 1.21958
0.316 1.22135
0.317 1.22253
0.318 1.22312
0.319 1.22314
0.32 1.22258
0.321 1.22145
0.322 1.21976
0.323 1.21751
0.324 1.21471
0.325 1.21136
0.326 1.20747
0.327 1.20305
0.328 1.1981
0.329 1.19263
0.33 1.18665
0.331 1.18016
0.332 1.17317
0.333 1.16569
0.334 1.15773
0.335 1.14929
0.336 1.14038
0.337 1.13101
0.338 1.12119
0.339 1.11092
0.34 1.10022
0.341 1.0891
0.342 1.07755
0.343 1.0656
0.344 1.05325
0.345 1.04051
0.346 1.02738
0.347 1.01389
0.348 1.00003
0.349 0.98582
0.35 0.971266
0.351 0.956379
0.352 0.941168
0.353 0.925643
0.354 0.909814
0.355 0.893692
0.356 0.877285
0.357 0.860605
0.358 0.843661
0.359 0.826463
0.36 0.809023
0.361 0.791349
0.362 0.773452
0.363 0.755343
0.364 0.737032
0.365 0.718529
0.366 0.699844
0.367 0.680988
0.368 0.661971
0.369 0.642804
0.37 0.623496
0.371 0.604057
0.372 0.584499
0.373 0.56483
0.374 0.545062
0.375 0.525205
0.376 0.505267
0.377 0.48526
0.378 0.465193
0.379 0.445076
0.38 0.42492
0.381 0.404732
0.382 0.384524
0.383 0.364305
0.384 0.344084
0.385 0.323871
0.386 0.303675
0.387 0.283505
0.388 0.26337
0.389 0.243279
0.39 0.223241
0.391 0.203265
0.392 0.18336
0.393 0.163533
0.394 0.143794
0.395 0.12415
0.396 0.10461
0.397 0.085182
0.398 0.0658733
0.399 0.046692
0.4 0.0276455
0.401 0.00874127
0.402 0.0100134
0.403 0.0286113
0.404 0.0470456
0.405 0.0653094
0.406 0.0833961
0.407 0.101299
0.408 0.119012
0.409 0.136529
0.41 0.153844
0.411 0.17095
0.412 0.187843
0.413 0.204517
0.414 0.220966
0.415 0.237186
0.416 0.253171
0.417 0.268916
0.418 0.284418
0.419 0.29967
0.42 0.31467
0.421 0.329413
0.422 0.343895
0.423 0.358112
0.424 0.372061
0.425 0.385738
0.426 0.39914
0.427 0.412264
0.428 0.425108
0.429 0.437668
0.43 0.449941
0.431 0.461927
0.432 0.473621
0.433 0.485023
0.434 0.496131
0.435 0.506943
0.436 0.517456
0.437 0.527671
0.438 0.537586
0.439 0.5472
0.44 0.556512
0.441 0.565521
0.442 0.574227
0.443 0.582629
0.444 0.590728
0.445 0.598523
0.446 0.606015
0.447 0.613203
0.448 0.620089
0.449 0.626672
0.45 0.632953
0.451 0.638934
0.452 0.644614
0.453 0.649997
0.454 0.655081
0.455 0.65987
0.456 0.664364
0.457 0.668565
0.458 0.672475
0.459 0.676096
0.46 0.67943
0.461 0.682479
0.462 0.685245
0.463 0.68773
0.464 0.689938
0.465 0.69187
0.466 0.693529
0.467 0.694918
0.468 0.69604
0.469 0.696898
0.47 0.697495
0.471 0.697833
0.472 0.697917
0.473 0.69775
0.474 0.697334
0.475 0.696674
0.476 0.695772
0.477 0.694633
0.478 0.69326
0.479 0.691656
0.48 0.689827
0.481 0.687774
0.482 0.685503
0.483 0.683017
0.484 0.680321
0.485 0.677417
0.486 0.674311
0.487 0.671007
0.488 0.667508
0.489 0.663819
0.49 0.659943
0.491 0.655886
0.492 0.651652
0.493 0.647244
0.494 0.642667
0.495 0.637926
0.496 0.633025
0.497 0.627967
0.498 0.622759
0.499 0.617403
0.5 0.611904
0.501 0.606267
0.502 0.600496
0.503 0.594595
0.504 0.58857
0.505 0.582423
0.506 0.57616
0.507 0.569785
0.508 0.563302
0.509 0.556715
0.51 0.55003
0.511 0.543249
0.512 0.536378
0.513 0.529421
0.514 0.522382
0.515 0.515265
0.516 0.508074
0.517 0.500814
0.518 0.493488
0.519 0.486101
0.52 0.478656
0.521 0.471159
0.522 0.463612
0.523 0.456019
0.524 0.448386
0.525 0.440714
0.526 0.433009
0.527 0.425275
0.528 0.417514
0.529 0.40973
0.53 0.401928
0.531 0.39411
0.532 0.386281
0.533 0.378444
0.534 0.370602
0.535 0.362759
0.536 0.354918
0.537 0.347083
0.538 0.339256
0.539 0.331442
0.54 0.323642
0.541 0.315861
0.542 0.308101
0.543 0.300365
0.544 0.292657
0.545 0.284979
0.546 0.277334
0.547 0.269724
0.548 0.262154
0.549 0.254624
0.55 0.247138
0.551 0.239699
0.552 0.232309
0.553 0.22497
0.554 0.217685
0.555 0.210456
0.556 0.203286
0.557 0.196176
0.558 0.189129
0.559 0.182147
0.56 0.175232
0.561 0.168386
0.562 0.161611
0.563 0.154909
0.564 0.148281
0.565 0.14173
0.566 0.135257
0.567 0.128864
0.568 0.122553
0.569 0.116324
0.57 0.11018
0.571 0.104122
0.572 0.0981517
0.573 0.0922697
0.574 0.0864777
0.575 0.0807768
0.576 0.0751683
0.577 0.0696532
0.578 0.0642327
0.579 0.0589077
0.58 0.0536792
0.581 0.048548
0.582 0.0435151
0.583 0.0385813
0.584 0.0337472
0.585 0.0290135
0.586 0.024381
0.587 0.0198502
0.588 0.0154216
0.589 0.0110957
0.59 0.006873
0.591 0.00275385
0.592 0.00126141
0.593 0.00517248
0.594 0.00897913
0.595 0.0126812
0.596 0.0162784
0.597 0.0197708
0.598 0.0231583
0.599 0.0264409
0.6 0.0296186
0.601 0.0326914
0.602 0.0356597
0.603 0.0385234
0.604 0.0412829
0.605 0.0439384
0.606 0.0464902
0.607 0.0489387
0.608 0.0512843
0.609 0.0535273
0.61 0.0556683
0.611 0.0577079
0.612 0.0596465
0.613 0.0614848
0.614 0.0632234
0.615 0.0648629
0.616 0.0664042
0.617 0.067848
0.618 0.069195
0.619 0.0704462
0.62 0.0716023
0.621 0.0726643
0.622 0.0736331
0.623 0.0745096
0.624 0.075295
0.625 0.0759903
0.626 0.0765964
0.627 0.0771146
0.628 0.077546
0.629 0.0778917
0.63 0.078153
0.631 0.078331
0.632 0.0784271
0.633 0.0784425
0.634 0.0783786
0.635 0.0782366
0.636 0.078018
0.637 0.0777241
0.638 0.0773564
0.639 0.0769163
0.64 0.0764053
0.641 0.0758249
0.642 0.0751765
0.643 0.0744617
0.644 0.073682
0.645 0.0728391
0.646 0.0719345
0.647 0.0709697
0.648 0.0699465
0.649 0.0688664
0.65 0.0677311
0.651 0.0665423
0.652 0.0653017
0.653 0.0640108
0.654 0.0626714
0.655 0.0612853
0.656 0.0598541
0.657 0.0583796
0.658 0.0568634
0.659 0.0553074
0.66 0.0537132
0.661 0.0520826
0.662 0.0504174
0.663 0.0487193
0.664 0.04699
0.665 0.0452313
0.666 0.0434449
0.667 0.0416327
0.668 0.0397962
0.669 0.0379374
0.67 0.0360578
0.671 0.0341593
0.672 0.0322435
0.673 0.0303122
0.674 0.028367
0.675 0.0264097
0.676 0.0244419
0.677 0.0224654
0.678 0.0204817
0.679 0.0184925
0.68 0.0164995
0.681 0.0145042
0.682 0.0125082
0.683 0.0105132
0.684 0.00852066
0.685 0.00653213
0.686 0.00454914
0.687 0.00257319
0.688 0.000605755
0.689 0.00135172
0.69 0.0032978
0.691 0.00523107
0.692 0.00715017
0.693 0.00905374
0.694 0.0109405
0.695 0.012809
0.696 0.0146581
0.697 0.0164866
0.698 0.0182932
0.699 0.0200767
0.7 0.021836
0.701 0.02357
0.702 0.0252776
0.703 0.0269577
0.704 0.0286094
0.705 0.0302315
0.706 0.0318232
0.707 0.0333836
0.708 0.0349117
0.709 0.0364068
0.71 0.037868
0.711 0.0392945
0.712 0.0406856
0.713 0.0420406
0.714 0.0433588
0.715 0.0446397
0.716 0.0458825
0.717 0.0470867
0.718 0.0482519
0.719 0.0493776
0.72 0.0504632
0.721 0.0515085
0.722 0.052513
0.723 0.0534764
0.724 0.0543984
0.725 0.0552788
0.726 0.0561173
0.727 0.0569137
0.728 0.057668
0.729 0.0583799
0.73 0.0590495
0.731 0.0596767
0.732 0.0602615
0.733 0.060804
0.734 0.0613041
0.735 0.061762
0.736 0.0621779
0.737 0.0625519
0.738 0.0628842
0.739 0.0631751
0.74 0.0634248
0.741 0.0636336
0.742 0.0638019
0.743 0.0639301
0.744 0.0640184
0.745 0.0640674
0.746 0.0640775
0.747 0.0640491
0.748 0.0639828
0.749 0.0638791
0.75 0.0637386
0.751 0.0635617
0.752 0.0633493
0.753 0.0631017
0.754 0.0628198
0.755 0.0625042
0.756 0.0621555
0.757 0.0617745
0.758 0.0613618
0.759 0.0609184
0.76 0.0604448
0.761 0.0599419
0.762 0.0594105
0.763 0.0588513
0.764 0.0582653
0.765 0.0576532
0.766 0.0570158
0.767 0.056354
0.768 0.0556688
0.769 0.0549608
0.77 0.0542311
0.771 0.0534806
0.772 0.0527099
0.773 0.0519202
0.774 0.0511123
0.775 0.050287
0.776 0.0494454
0.777 0.0485882
0.778 0.0477163
0.779 0.0468308
0.78 0.0459324
0.781 0.0450221
0.782 0.0441008
0.783 0.0431693
0.784 0.0422285
0.785 0.0412794
0.786 0.0403227
0.787 0.0393594
0.788 0.0383902
0.789 0.0374161
0.79 0.0364378
0.791 0.0354562
0.792 0.0344721
0.793 0.0334862
0.794 0.0324995
0.795 0.0315126
0.796 0.0305262
0.797 0.0295413
0.798 0.0285584
0.799 0.0275783
0.8 0.0266016
0.801 0.0256292
0.802 0.0246615
0.803 0.0236993
0.804 0.0227432
0.805 0.0217939
0.806 0.0208518
0.807 0.0199175
0.808 0.0189917
0.809 0.0180749
0.81 0.0171675
0.811 0.01627
0.812 0.015383
0.813 0.0145068
0.814 0.013642
0.815 0.0127888
0.816 0.0119478
0.817 0.0111192
0.818 0.0103035
0.819 0.00950092
0.82 0.00871179
0.821 0.0079364
0.822 0.00717502
0.823 0.00642789
0.824 0.00569523
0.825 0.00497724
0.826 0.00427412
0.827 0.00358601
0.828 0.00291307
0.829 0.00225543
0.83 0.00161317
0.831 0.00098639
0.832 0.000375156
0.833 0.000220485
0.834 0.000800504
0.835 0.00136489
0.836 0.00191364
0.837 0.00244679
0.838 0.00296436
0.839 0.00346642
0.84 0.00395304
0.841 0.0044243
0.842 0.00488031
0.843 0.00532117
0.844 0.00574702
0.845 0.00615799
0.846 0.00655425
0.847 0.00693596
0.848 0.00730331
0.849 0.00765647
0.85 0.00799565
0.851 0.00832107
0.852 0.00863295
0.853 0.00893151
0.854 0.00921699
0.855 0.00948965
0.856 0.00974973
0.857 0.00999749
0.858 0.0102332
0.859 0.0104572
0.86 0.0106696
0.861 0.0108708
0.862 0.0110612
0.863 0.0112408
0.864 0.0114102
0.865 0.0115695
0.866 0.011719
0.867 0.0118591
0.868 0.0119901
0.869 0.0121122
0.87 0.0122257
0.871 0.012331
0.872 0.0124284
0.873 0.0125181
0.874 0.0126005
0.875 0.0126758
0.876 0.0127443
0.877 0.0128064
0.878 0.0128622
0.879 0.0129121
0.88 0.0129564
0.881 0.0129953
0.882 0.0130291
0.883 0.013058
0.884 0.0130823
0.885 0.0131022
0.886 0.0131181
0.887 0.01313
0.888 0.0131383
0.889 0.0131431
0.89 0.0131448
0.891 0.0131434
0.892 0.0131391
0.893 0.0131323
0.894 0.0131229
0.895 0.0131113
0.896 0.0130976
0.897 0.0130819
0.898 0.0130644
0.899 0.0130452
0.9 0.0130244
0.901 0.0130022
0.902 0.0129787
0.903 0.012954
0.904 0.0129282
0.905 0.0129013
0.906 0.0128735
0.907 0.0128447
0.908 0.0128152
0.909 0.0127849
0.91 0.0127538
0.911 0.0127221
0.912 0.0126896
0.913 0.0126566
0.914 0.0126229
0.915 0.0125886
0.916 0.0125537
0.917 0.0125181
0.918 0.0124819
0.919 0.012445
0.92 0.0124074
0.921 0.0123691
0.922 0.01233
0.923 0.0122901
0.924 0.0122494
0.925 0.0122077
0.926 0.012165
0.927 0.0121213
0.928 0.0120765
0.929 0.0120305
0.93 0.0119833
0.931 0.0119347
0.932 0.0118847
0.933 0.0118332
0.934 0.0117801
0.935 0.0117253
0.936 0.0116688
0.937 0.0116104
0.938 0.0115501
0.939 0.0114877
0.94 0.0114233
0.941 0.0113566
0.942 0.0112875
0.943 0.0112161
0.944 0.0111422
0.945 0.0110657
0.946 0.0109866
0.947 0.0109047
0.948 0.0108199
0.949 0.0107323
0.95 0.0106417
0.951 0.010548
0.952 0.0104511
0.953 0.0103511
0.954 0.0102478
0.955 0.0101412
0.956 0.0100311
0.957 0.00991771
0.958 0.00980078
0.959 0.00968034
0.96 0.00955634
0.961 0.00942875
0.962 0.00929755
0.963 0.00916271
0.964 0.00902421
0.965 0.00888206
0.966 0.00873625
0.967 0.00858677
0.968 0.00843364
0.969 0.00827687
0.97 0.00811649
0.971 0.00795251
0.972 0.00778497
0.973 0.00761392
0.974 0.00743939
0.975 0.00726144
0.976 0.00708012
0.977 0.00689551
0.978 0.00670766
0.979 0.00651667
0.98 0.0063226
0.981 0.00612555
0.982 0.00592562
0.983 0.0057229
0.984 0.00551749
0.985 0.00530952
0.986 0.00509909
0.987 0.00488633
0.988 0.00467137
0.989 0.00445434
0.99 0.00423538
0.991 0.00401462
0.992 0.00379221
0.993 0.00356831
0.994 0.00334306
0.995 0.00311663
0.996 0.00288918
0.997 0.00266087
0.998 0.00243187
0.999 0.00220235
