0 2.22038
0.001 2.21939
0.002 2.21643
0.003 2.2115
0.004 2.20459
0.005 2.19572
0.006 2.18489
0.007 2.1721
0.008 2.15737
0.009 2.1407
0.01 2.1221
0.011 2.10158
0.012 2.07915
0.013 2.05483
0.014 2.02863
0.015 2.00057
0.016 1.97066
0.017 1.93891
0.018 1.90536
0.019 1.87001
0.02 1.83288
0.021 1.79401
0.022 1.75341
0.023 1.7111
0.024 1.6671
0.025 1.62146
0.026 1.57418
0.027 1.52529
0.028 1.47484
0.029 1.42283
0.03 1.36931
0.031 1.3143
0.032 1.25784
0.033 1.19995
0.034 1.14067
0.035 1.08004
0.036 1.01809
0.037 0.954844
0.038 0.890352
0.039 0.824646
0.04 0.757762
0.041 0.689739
0.042 0.620615
0.043 0.550429
0.044 0.47922
0.045 0.407029
0.046 0.333896
0.047 0.259863
0.048 0.18497
0.049 0.109259
0.05 0.0327733
0.051 0.044445
0.052 0.122353
0.053 0.200907
0.054 0.280063
0.055 0.359778
0.056 0.440007
0.057 0.520707
0.058 0.601832
0.059 0.683338
0.06 0.765179
0.061 0.847312
0.062 0.929691
0.063 1.01227
0.064 1.09501
0.065 1.17785
0.066 1.26076
0.067 1.34369
0.068 1.4266
0.069 1.50944
0.07 1.59216
0.071 1.67472
0.072 1.75708
0.073 1.8392
0.074 1.92102
0.075 2.00251
0.076 2.08361
0.077 2.1643
0.078 2.24452
0.079 2.32423
0.08 2.40339
0.081 2.48197
0.082 2.5599
0.083 2.63717
0.084 2.71372
0.085 2.78952
0.086 2.86452
0.087 2.93869
0.088 3.01199
0.089 3.08438
0.09 3.15582
0.091 3.22628
0.092 3.29572
0.093 3.36411
0.094 3.43141
0.095 3.49758
0.096 3.5626
0.097 3.62643
0.098 3.68903
0.099 3.75038
0.1 3.81045
0.101 3.8692
0.102 3.92662
0.103 3.98266
0.104 4.0373
0.105 4.09051
0.106 4.14228
0.107 4.19257
0.108 4.24135
0.109 4.28862
0.11 4.33434
0.111 4.37849
0.112 4.42105
0.113 4.462
0.114 4.50133
0.115 4.53901
0.116 4.57503
0.117 4.60936
0.118 4.64201
0.119 4.67294
0.12 4.70216
0.121 4.72963
0.122 4.75537
0.123 4.77934
0.124 4.80155
0.125 4.82198
0.126 4.84063
0.127 4.85748
0.128 4.87255
0.129 4.8858
0.13 4.89726
0.131 4.9069
0.132 4.91474
0.133 4.92076
0.134 4.92497
0.135 4.92736
0.136 4.92795
0.137 4.92672
0.138 4.92369
0.139 4.91886
0.14 4.91224
0.141 4.90382
0.142 4.89362
0.143 4.88165
0.144 4.86791
0.145 4.85242
0.146 4.83518
0.147 4.8162
0.148 4.7955
0.149 4.77309
0.15 4.74899
0.151 4.7232
0.152 4.69575
0.153 4.66665
0.154 4.63592
0.155 4.60357
0.156 4.56962
0.157 4.5341
0.158 4.49703
0.159 4.45842
0.16 4.41829
0.161 4.37668
0.162 4.33359
0.163 4.28906
0.164 4.24311
0.165 4.19576
0.166 4.14705
0.167 4.09699
0.168 4.04561
0.169 3.99295
0.17 3.93902
0.171 3.88386
0.172 3.82749
0.173 3.76996
0.174 3.71127
0.175 3.65148
0.176 3.5906
0.177 3.52867
0.178 3.46573
0.179 3.40179
0.18 3.33691
0.181 3.2711
0.182 3.20441
0.183 3.13686
0.184 3.0685
0.185 2.99935
0.186 2.92946
0.187 2.85885
0.188 2.78756
0.189 2.71563
0.19 2.6431
0.191 2.56999
0.192 2.49635
0.193 2.42222
0.194 2.34762
0.195 2.27259
0.196 2.19718
0.197 2.12142
0.198 2.04535
0.199 1.969
0.2 1.89241
0.201 1.81561
0.202 1.73865
0.203 1.66157
0.204 1.58439
0.205 1.50715
0.206 1.4299
0.207 1.35267
0.208 1.27549
0.209 1.19841
0.21 1.12145
0.211 1.04466
0.212 0.968064
0.213 0.891706
0.214 0.815619
0.215 0.739838
0.216 0.664398
0.217 0.589333
0.218 0.514678
0.219 0.440467
0.22 0.366732
0.221 0.293508
0.222 0.220828
0.223 0.148722
0.224 0.0772245
0.225 0.006366
0.226 0.0638223
0.227 0.13331
0.228 0.202066
0.229 0.270061
0.23 0.337266
0.231 0.403653
0.232 0.469193
0.233 0.533858
0.234 0.597622
0.235 0.660458
0.236 0.72234
0.237 0.783243
0.238 0.843143
0.239 0.902014
0.24 0.959835
0.241 1.01658
0.242 1.07223
0.243 1.12677
0.244 1.18016
0.245 1.2324
0.246 1.28346
0.247 1.33332
0.248 1.38197
0.249 1.42939
0.25 1.47556
0.251 1.52046
0.252 1.56409
0.253 1.60642
0.254 1.64745
0.255 1.68716
0.256 1.72553
0.257 1.76256
0.258 1.79824
0.259 1.83256
0.26 1.8655
0.261 1.89706
0.262 1.92724
0.263 1.95602
0.264 1.9834
0.265 2.00937
0.266 2.03393
0.267 2.05708
0.268 2.07881
0.269 2.09912
0.27 2.11801
0.271 2.13549
0.272 2.15154
0.273 2.16617
0.274 2.17938
0.275 2.19118
0.276 2.20156
0.277 2.21054
0.278 2.21811
0.279 2.22428
0.28 2.22906
0.281 2.23246
0.282 2.23447
0.283 2.23512
0.284 2.23441
0.285 2.23234
0.286 2.22893
0.287 2.22419
0.288 2.21814
0.289 2.21077
0.29 2.20211
0.291 2.19217
0.292 2.18097
0.293 2.16851
0.294 2.15481
0.295 2.1399
0.296 2.12377
0.297 2.10646
0.298 2.08798
0.299 2.06834
0.3 2.04757
0.301 2.02569
0.302 2.00271
0.303 1.97865
0.304 1.95353
0.305 1.92738
0.306 1.90021
0.307 1.87205
0.308 1.84292
0.309 1.81284
0.31 1.78184
0.311 1.74993
0.312 1.71714
0.313 1.68349
0.314 1.64901
0.315 1.61372
0.316 1.57765
0.317 1.54082
0.318 1.50326
0.319 1.46498
0.32 1.42603
0.321 1.38641
0.322 1.34616
0.323 1.30531
0.324 1.26387
0.325 1.22188
0.326 1.17936
0.327 1.13634
0.328 1.09285
0.329 1.04891
0.33 1.00454
0.331 0.959776
0.332 0.914645
0.333 0.869171
0.334 0.82338
0.335 0.777301
0.336 0.730958
0.337 0.684378
0.338 0.637588
0.339 0.590614
0.34 0.543483
0.341 0.496219
0.342 0.44885
0.343 0.4014
0.344 0.353897
0.345 0.306364
0.346 0.258827
0.347 0.211312
0.348 0.163843
0.349 0.116445
0.35 0.0691426
0.351 0.0219595
0.352 0.0250801
0.353 0.0719525
0.354 0.118634
0.355 0.165103
0.356 0.211334
0.357 0.257307
0.358 0.302999
0.359 0.348387
0.36 0.393452
0.361 0.43817
0.362 0.482522
0.363 0.526486
0.364 0.570044
0.365 0.613175
0.366 0.65586
0.367 0.698079
0.368 0.739815
0.369 0.781049
0.37 0.821764
0.371 0.861942
0.372 0.901566
0.373 0.94062
0.374 0.979088
0.375 1.01695
0.376 1.0542
0.377 1.09082
0.378 1.1268
0.379 1.16211
0.38 1.19675
0.381 1.2307
0.382 1.26396
0.383 1.29651
0.384 1.32834
0.385 1.35943
0.386 1.38978
0.387 1.41938
0.388 1.44822
0.389 1.47629
0.39 1.50358
0.391 1.53008
0.392 1.55578
0.393 1.58069
0.394 1.60478
0.395 1.62806
0.396 1.65052
0.397 1.67216
0.398 1.69296
0.399 1.71293
0.4 1.73206
0.401 1.75036
0.402 1.76781
0.403 1.78441
0.404 1.80016
0.405 1.81507
0.406 1.82912
0.407 1.84233
0.408 1.85469
0.409 1.86619
0.41 1.87685
0.411 1.88666
0.412 1.89562
0.413 1.90375
0.414 1.91103
0.415 1.91747
0.416 1.92308
0.417 1.92787
0.418 1.93182
0.419 1.93496
0.42 1.93728
0.421 1.9388
0.422 1.93951
0.423 1.93942
0.424 1.93854
0.425 1.93688
0.426 1.93445
0.427 1.93125
0.428 1.92729
0.429 1.92257
0.43 1.91712
0.431 1.91094
0.432 1.90403
0.433 1.89641
0.434 1.88808
0.435 1.87907
0.436 1.86937
0.437 1.859
0.438 1.84798
0.439 1.8363
0.44 1.824
0.441 1.81106
0.442 1.79752
0.443 1.78338
0.444 1.76865
0.445 1.75335
0.446 1.7375
0.447 1.72109
0.448 1.70416
0.449 1.6867
0.45 1.66875
0.451 1.6503
0.452 1.63137
0.453 1.61199
0.454 1.59216
0.455 1.57189
0.456 1.55121
0.457 1.53013
0.458 1.50866
0.459 1.48682
0.46 1.46462
0.461 1.44208
0.462 1.41921
0.463 1.39604
0.464 1.37256
0.465 1.34881
0.466 1.3248
0.467 1.30053
0.468 1.27603
0.469 1.25132
0.47 1.2264
0.471 1.20129
0.472 1.17602
0.473 1.15059
0.474 1.12502
0.475 1.09932
0.476 1.07351
0.477 1.04761
0.478 1.02163
0.479 0.995585
0.48 0.969491
0.481 0.943362
0.482 0.917214
0.483 0.89106
0.484 0.864915
0.485 0.838794
0.486 0.812711
0.487 0.786679
0.488 0.760714
0.489 0.734828
0.49 0.709034
0.491 0.683348
0.492 0.657781
0.493 0.632346
0.494 0.607057
0.495 0.581926
0.496 0.556966
0.497 0.532188
0.498 0.507604
0.499 0.483227
0.5 0.459068
0.501 0.435138
0.502 0.411448
0.503 0.388008
0.504 0.36483
0.505 0.341924
0.506 0.319299
0.507 0.296966
0.508 0.274934
0.509 0.253211
0.51 0.231808
0.511 0.210732
0.512 0.189993
0.513 0.169597
0.514 0.149553
0.515 0.129869
0.516 0.110551
0.517 0.0916064
0.518 0.0730422
0.519 0.0548644
0.52 0.037079
0.521 0.0196918
0.522 0.00270832
0.523 0.0138665
0.524 0.0300277
0.525 0.0457708
0.526 0.0610915
0.527 0.0759861
0.528 0.0904508
0.529 0.104482
0.53 0.118078
0.531 0.131234
0.532 0.143949
0.533 0.156221
0.534 0.168048
0.535 0.179427
0.536 0.190359
0.537 0.200842
0.538 0.210875
0.539 0.220458
0.54 0.229592
0.541 0.238275
0.542 0.246509
0.543 0.254294
0.544 0.261632
0.545 0.268524
0.546 0.274971
0.547 0.280974
0.548 0.286538
0.549 0.291662
0.55 0.296351
0.551 0.300607
0.552 0.304432
0.553 0.307831
0.554 0.310807
0.555 0.313364
0.556 0.315505
0.557 0.317235
0.558 0.318559
0.559 0.31948
0.56 0.320004
0.561 0.320136
0.562 0.319881
0.563 0.319244
0.564 0.318232
0.565 0.316849
0.566 0.315103
0.567 0.312998
0.568 0.310542
0.569 0.30774
0.57 0.304599
0.571 0.301127
0.572 0.297329
0.573 0.293214
0.574 0.288787
0.575 0.284056
0.576 0.27903
0.577 0.273714
0.578 0.268117
0.579 0.262246
0.58 0.25611
0.581 0.249715
0.582 0.243071
0.583 0.236184
0.584 0.229063
0.585 0.221716
0.586 0.214152
0.587 0.206378
0.588 0.198403
0.589 0.190235
0.59 0.181883
0.591 0.173354
0.592 0.164658
0.593 0.155802
0.594 0.146796
0.595 0.137647
0.596 0.128364
0.597 0.118955
0.598 0.10943
0.599 0.0997957
0.6 0.0900612
0.601 0.0802348
0.602 0.0703248
0.603 0.0603395
0.604 0.0502873
0.605 0.0401763
0.606 0.0300147
0.607 0.0198107
0.608 0.00957232
0.609 0.000692454
0.61 0.0109756
0.611 0.0212694
0.612 0.0315659
0.613 0.0418574
0.614 0.0521362
0.615 0.0623949
0.616 0.0726259
0.617 0.0828219
0.618 0.0929755
0.619 0.10308
0.62 0.113127
0.621 0.123111
0.622 0.133025
0.623 0.142861
0.624 0.152613
0.625 0.162276
0.626 0.171841
0.627 0.181303
0.628 0.190656
0.629 0.199894
0.63 0.209011
0.631 0.218001
0.632 0.226858
0.633 0.235578
0.634 0.244154
0.635 0.252581
0.636 0.260855
0.637 0.26897
0.638 0.276921
0.639 0.284705
0.64 0.292316
0.641 0.299751
0.642 0.307004
0.643 0.314073
0.644 0.320952
0.645 0.327639
0.646 0.33413
0.647 0.340421
0.648 0.346509
0.649 0.352392
0.65 0.358065
0.651 0.363527
0.652 0.368775
0.653 0.373805
0.654 0.378617
0.655 0.383208
0.656 0.387576
0.657 0.391718
0.658 0.395634
0.659 0.399322
0.66 0.402781
0.661 0.406009
0.662 0.409005
0.663 0.411769
0.664 0.4143
0.665 0.416597
0.666 0.41866
0.667 0.420489
0.668 0.422084
0.669 0.423444
0.67 0.42457
0.671 0.425463
0.672 0.426123
0.673 0.42655
0.674 0.426746
0.675 0.426711
0.676 0.426446
0.677 0.425954
0.678 0.425235
0.679 0.424291
0.68 0.423123
0.681 0.421734
0.682 0.420126
0.683 0.4183
0.684 0.416258
0.685 0.414004
0.686 0.41154
0.687 0.408868
0.688 0.405991
0.689 0.402912
0.69 0.399634
0.691 0.396161
0.692 0.392494
0.693 0.388639
0.694 0.384597
0.695 0.380373
0.696 0.375971
0.697 0.371394
0.698 0.366646
0.699 0.361731
0.7 0.356653
0.701 0.351416
0.702 0.346025
0.703 0.340484
0.704 0.334797
0.705 0.328968
0.706 0.323003
0.707 0.316906
0.708 0.310681
0.709 0.304334
0.71 0.297869
0.711 0.291291
0.712 0.284605
0.713 0.277816
0.714 0.27093
0.715 0.26395
0.716 0.256883
0.717 0.249733
0.718 0.242506
0.719 0.235207
0.72 0.227841
0.721 0.220414
0.722 0.21293
0.723 0.205396
0.724 0.197816
0.725 0.190196
0.726 0.182541
0.727 0.174856
0.728 0.167148
0.729 0.159421
0.73 0.15168
0.731 0.143931
0.732 0.13618
0.733 0.128432
0.734 0.120691
0.735 0.112963
0.736 0.105254
0.737 0.0975684
0.738 0.0899116
0.739 0.0822886
0.74 0.0747047
0.741 0.0671647
0.742 0.0596738
0.743 0.0522368
0.744 0.0448587
0.745 0.0375443
0.746 0.0302983
0.747 0.0231254
0.748 0.0160304
0.749 0.00901769
0.75 0.00209186
0.751 0.0047427
0.752 0.0114816
0.753 0.0181207
0.754 0.0246556
0.755 0.0310824
0.756 0.037397
0.757 0.0435955
0.758 0.0496741
0.759 0.055629
0.76 0.0614566
0.761 0.0671534
0.762 0.072716
0.763 0.0781409
0.764 0.083425
0.765 0.0885652
0.766 0.0935584
0.767 0.0984017
0.768 0.103092
0.769 0.107628
0.77 0.112005
0.771 0.116222
0.772 0.120276
0.773 0.124166
0.774 0.127888
0.775 0.131441
0.776 0.134824
0.777 0.138033
0.778 0.141069
0.779 0.143928
0.78 0.146611
0.781 0.149115
0.782 0.151439
0.783 0.153583
0.784 0.155545
0.785 0.157325
0.786 0.158923
0.787 0.160336
0.788 0.161566
0.789 0.162611
0.79 0.163473
0.791 0.164149
0.792 0.164642
0.793 0.16495
0.794 0.165074
0.795 0.165015
0.796 0.164773
0.797 0.164349
0.798 0.163743
0.799 0.162956
0.8 0.16199
0.801 0.160845
0.802 0.159523
0.803 0.158024
0.804 0.156351
0.805 0.154505
0.806 0.152487
0.807 0.1503
0.808 0.147944
0.809 0.145422
0.81 0.142736
0.811 0.139888
0.812 0.13688
0.813 0.133715
0.814 0.130394
0.815 0.12692
0.816 0.123297
0.817 0.119525
0.818 0.115609
0.819 0.11155
0.82 0.107352
0.821 0.103018
0.822 0.09855
0.823 0.0939518
0.824 0.0892262
0.825 0.0843764
0.826 0.0794058
0.827 0.0743175
0.828 0.069115
0.829 0.0638016
0.83 0.0583807
0.831 0.052856
0.832 0.0472308
0.833 0.0415089
0.834 0.0356938
0.835 0.0297892
0.836 0.0237989
0.837 0.0177265
0.838 0.0115758
0.839 0.00535064
0.84 0.000945157
0.841 0.00730775
0.842 0.0137333
0.843 0.0202178
0.844 0.0267575
0.845 0.0333483
0.846 0.0399864
0.847 0.0466677
0.848 0.0533884
0.849 0.0601444
0.85 0.0669319
0.851 0.0737467
0.852 0.080585
0.853 0.0874427
0.854 0.094316
0.855 0.101201
0.856 0.108093
0.857 0.114989
0.858 0.121885
0.859 0.128776
0.86 0.13566
0.861 0.142531
0.862 0.149387
0.863 0.156222
0.864 0.163035
0.865 0.16982
0.866 0.176574
0.867 0.183293
0.868 0.189973
0.869 0.196612
0.87 0.203204
0.871 0.209748
0.872 0.216238
0.873 0.222672
0.874 0.229046
0.875 0.235356
0.876 0.241599
0.877 0.247773
0.878 0.253873
0.879 0.259896
0.88 0.265839
0.881 0.271699
0.882 0.277473
0.883 0.283158
0.884 0.28875
0.885 0.294248
0.886 0.299647
0.887 0.304945
0.888 0.31014
0.889 0.315228
0.89 0.320208
0.891 0.325075
0.892 0.329829
0.893 0.334466
0.894 0.338985
0.895 0.343382
0.896 0.347655
0.897 0.351803
0.898 0.355823
0.899 0.359714
0.9 0.363472
0.901 0.367097
0.902 0.370587
0.903 0.373939
0.904 0.377153
0.905 0.380226
0.906 0.383157
0.907 0.385945
0.908 0.388587
0.909 0.391084
0.91 0.393434
0.911 0.395635
0.912 0.397686
0.913 0.399588
0.914 0.401338
0.915 0.402935
0.916 0.40438
0.917 0.405672
0.918 0.406809
0.919 0.407792
0.92 0.40862
0.921 0.409293
0.922 0.40981
0.923 0.410172
0.924 0.410378
0.925 0.410429
0.926 0.410323
0.927 0.410063
0.928 0.409647
0.929 0.409077
0.93 0.408352
0.931 0.407473
0.932 0.406441
0.933 0.405256
0.934 0.40392
0.935 0.402433
0.936 0.400795
0.937 0.399008
0.938 0.397074
0.939 0.394992
0.94 0.392765
0.941 0.390393
0.942 0.387879
0.943 0.385222
0.944 0.382426
0.945 0.379492
0.946 0.37642
0.947 0.373214
0.948 0.369874
0.949 0.366403
0.95 0.362803
0.951 0.359075
0.952 0.355223
0.953 0.351247
0.954 0.34715
0.955 0.342934
0.956 0.338603
0.957 0.334157
0.958 0.3296
0.959 0.324934
0.96 0.320162
0.961 0.315286
0.962 0.310308
0.963 0.305233
0.964 0.300062
0.965 0.294798
0.966 0.289444
0.967 0.284004
0.968 0.278479
0.969 0.272873
0.97 0.267189
0.971 0.26143
0.972 0.255599
0.973 0.249699
0.974 0.243734
0.975 0.237706
0.976 0.231619
0.977 0.225476
0.978 0.21928
0.979 0.213034
0.98 0.206743
0.981 0.200408
0.982 0.194034
0.983 0.187623
0.984 0.18118
0.985 0.174707
0.986 0.168207
0.987 0.161685
0.988 0.155143
0.989 0.148585
0.99 0.142013
0.991 0.135433
0.992 0.128846
0.993 0.122256
0.994 0.115666
0.995 0.109081
0.996 0.102502
0.997 0.0959333
0.998 0.0893782
0.999 0.0828398
