-31.7157 0.33333
-31.5043 0.33333
-31.2928 0.333328
-31.0814 0.333327
-30.8699 0.333326
-30.6585 0.333323
-30.447 0.33332
-30.2356 0.333318
-30.0242 0.333316
-29.8127 0.333312
-29.6013 0.33331
-29.3898 0.333307
-29.1784 0.333305
-28.967 0.333303
-28.7555 0.333303
-28.5441 0.333307
-28.3327 0.333315
-28.1212 0.33333
-27.9098 0.333352
-27.6984 0.333386
-27.4869 0.333435
-27.2755 0.333506
-27.0641 0.333602
-26.8526 0.333731
-26.6412 0.333902
-26.4298 0.334124
-26.2183 0.33441
-26.0069 0.334771
-25.7955 0.335224
-25.584 0.335784
-25.3726 0.336471
-25.1612 0.337304
-24.9497 0.338304
-24.7383 0.339493
-24.5269 0.340895
-24.3153 0.342532
-24.1039 0.344426
-23.8926 0.346599
-23.681 0.349068
-23.4696 0.35185
-23.2582 0.354958
-23.0467 0.358398
-22.8353 0.362175
-22.6239 0.36628
-22.4124 0.370705
-22.201 0.375429
-21.9896 0.380427
-21.7781 0.385664
-21.5667 0.391097
-21.3553 0.396677
-21.1438 0.402347
-20.9324 0.408046
-20.721 0.413708
-20.5095 0.419261
-20.2981 0.424639
-20.0867 0.429769
-19.8752 0.434585
-19.6638 0.439022
-19.4524 0.443024
-19.2409 0.446539
-19.0295 0.449521
-18.8181 0.451942
-18.6065 0.453773
-18.3952 0.455002
-18.1838 0.455623
-17.9722 0.455642
-17.7608 0.455067
-17.5494 0.45392
-17.3379 0.45222
-17.1265 0.449997
-16.9151 0.447277
-16.7036 0.444088
-16.4922 0.440462
-16.2808 0.436422
-16.0693 0.431994
-15.8579 0.427205
-15.6465 0.422077
-15.435 0.416633
-15.2236 0.410902
-15.0122 0.404912
-14.8007 0.398698
-14.5893 0.392298
-14.3779 0.385758
-14.1664 0.379128
-13.955 0.372463
-13.7436 0.365824
-13.5321 0.359265
-13.3207 0.352847
-13.1093 0.346623
-12.8978 0.340643
-12.6864 0.334948
-12.475 0.329568
-12.2634 0.324528
-12.052 0.319839
-11.8407 0.315506
-11.6291 0.311523
-11.4177 0.307878
-11.2063 0.304558
-10.9948 0.301539
-10.7834 0.2988
-10.572 0.296318
-10.3605 0.29407
-10.1491 0.292033
-9.93772 0.29019
-9.7262 0.288518
-9.51481 0.287001
-9.30341 0.285622
-9.09189 0.284365
-8.8805 0.283217
-8.6691 0.282163
-8.45758 0.281191
-8.24619 0.280285
-8.03479 0.279432
-7.82327 0.278619
-7.61188 0.27783
-7.40048 0.27705
-7.18896 0.276266
-6.97757 0.275461
-6.76617 0.274621
-6.55465 0.273728
-6.34326 0.272769
-6.13186 0.271728
-5.92034 0.27059
-5.70894 0.269343
-5.49755 0.267974
-5.28603 0.266472
-5.07463 0.264829
-4.86324 0.263038
-4.65172 0.261094
-4.44032 0.258999
-4.22893 0.256753
-4.01741 0.254363
-3.80601 0.25184
-3.59462 0.249196
-3.3831 0.246451
-3.1717 0.243625
-2.96031 0.240745
-2.74879 0.237839
-2.53739 0.234941
-2.326 0.232084
-2.11448 0.229306
-1.90308 0.226643
-1.69169 0.224135
-1.48017 0.221817
-1.26877 0.219725
-1.05738 0.217893
-0.845856 0.216351
-0.634461 0.215123
-0.423066 0.214231
-0.211546 0.213689
-0.000150548 0.213508
0.211244 0.213689
0.422765 0.214231
0.63416 0.215123
0.845555 0.216351
1.05708 0.217893
1.26847 0.219725
1.47987 0.221817
1.69139 0.224135
1.90278 0.226643
2.11418 0.229306
2.3257 0.232084
2.53709 0.234941
2.74849 0.237839
2.96001 0.240745
3.1714 0.243625
3.3828 0.246451
3.59432 0.249196
3.80571 0.25184
4.01711 0.254363
4.22863 0.256753
4.44002 0.258999
4.65142 0.261094
4.86294 0.263038
5.07433 0.264829
5.28573 0.266472
5.49725 0.267974
5.70864 0.269343
5.92004 0.27059
6.13156 0.271728
6.34295 0.272769
6.55435 0.273728
6.76587 0.274621
6.97726 0.275461
7.18866 0.276266
7.40018 0.27705
7.61158 0.27783
7.82297 0.278619
8.03449 0.279432
8.24589 0.280285
8.45728 0.281191
8.6688 0.282163
8.8802 0.283217
9.09159 0.284365
9.30311 0.285622
9.51451 0.287001
9.7259 0.288518
9.93742 0.29019
10.1488 0.292033
10.3602 0.29407
10.5717 0.296318
10.7831 0.2988
10.9945 0.301539
11.206 0.304558
11.4174 0.307878
11.6288 0.311523
11.8404 0.315506
12.0517 0.319839
12.2631 0.324528
12.4747 0.329568
12.6861 0.334948
12.8975 0.340643
13.109 0.346623
13.3204 0.352847
13.5318 0.359265
13.7433 0.365822
13.9547 0.372463
14.1661 0.379128
14.3776 0.385758
14.589 0.392298
14.8004 0.398698
15.0119 0.404912
15.2233 0.410902
15.4347 0.416633
15.6462 0.422077
15.8576 0.427205
16.069 0.431994
16.2805 0.436422
16.4919 0.440462
16.7033 0.444088
16.9148 0.447277
17.1262 0.449997
17.3376 0.45222
17.5491 0.45392
17.7605 0.455067
17.9719 0.455642
18.1835 0.455623
18.3949 0.455002
18.6062 0.453773
18.8178 0.451942
19.0292 0.449521
19.2406 0.446539
19.4521 0.443024
19.6635 0.439022
19.8749 0.434585
20.0864 0.429769
20.2978 0.424639
20.5092 0.419261
20.7207 0.413708
20.9321 0.408046
21.1435 0.402347
21.355 0.396677
21.5664 0.391097
21.7778 0.385664
21.9893 0.380427
22.2007 0.375429
22.4121 0.370705
22.6236 0.36628
22.835 0.362175
23.0464 0.358398
23.2579 0.354958
23.4693 0.35185
23.6807 0.349068
23.8923 0.346599
24.1036 0.344426
24.315 0.342532
24.5266 0.340895
24.738 0.339493
24.9494 0.338304
25.1609 0.337304
25.3723 0.336471
25.5837 0.335784
25.7952 0.335224
26.0066 0.334771
26.218 0.33441
26.4295 0.334124
26.6409 0.333902
26.8523 0.333731
27.0638 0.333602
27.2752 0.333506
27.4866 0.333435
27.6981 0.333386
27.9095 0.333352
28.1209 0.33333
28.3324 0.333315
28.5438 0.333307
28.7552 0.333303
28.9667 0.333303
29.1781 0.333305
29.3895 0.333307
29.601 0.33331
29.8124 0.333312
30.0238 0.333316
30.2354 0.333318
30.4468 0.33332
30.6581 0.333323
30.8697 0.333326
31.0811 0.333327
31.2925 0.333328
31.504 0.33333
31.7154 0.33333
