-4.04694 334.354
-3.96514 333.097
-3.88334 332.633
-3.80154 334.437
-3.71974 332.016
-3.63794 334.191
-3.55614 332.823
-3.47434 333.272
-3.39254 333.901
-3.31074 334.27
-3.22894 332.612
-3.14714 333.269
-3.06534 335.054
-2.98354 334.704
-2.90174 334.152
-2.81994 337.256
-2.73814 338.921
-2.65634 344.497
-2.57454 351.024
-2.49274 361.336
-2.41094 377.284
-2.32914 390.557
-2.24734 406.68
-2.16554 422.324
-2.08374 428.99
-2.00194 432.987
-1.92015 428.775
-1.83835 422.169
-1.75655 411.242
-1.67475 397.218
-1.59295 382.914
-1.51115 365.799
-1.42935 347.278
-1.34755 333.919
-1.26575 323.181
-1.18395 313.26
-1.10215 307.996
-1.02035 303.663
-0.93855 300.31
-0.85675 298.768
-0.77495 295.337
-0.69315 292.194
-0.61135 288.249
-0.52955 282.429
-0.44775 275.296
-0.36595 266.759
-0.28415 258.666
-0.20235 247.632
-0.12055 240.789
-0.03875 236.037
0.04305 235.709
0.12485 238.046
0.20665 246.259
0.28845 255.397
0.37025 265.021
0.45205 274.199
0.53385 281.033
0.61565 286.346
0.69745 290.652
0.77925 295.043
0.86105 296.415
0.94285 298.583
1.02465 303.048
1.10645 306.093
1.18825 312.235
1.27005 321.93
1.35185 334.552
1.43365 349.022
1.51545 367.276
1.59725 383.716
1.67905 397.647
1.76085 412.691
1.84265 423.655
1.92445 431.546
2.00625 431.78
2.08805 427.563
2.16985 419.23
2.25164 407.434
2.33344 390.433
2.41524 372.775
2.49704 362.18
2.57884 349.285
2.66064 343.968
2.74244 339.945
2.82424 336.237
2.90604 334.358
2.98784 333.937
3.06964 334.376
3.15144 333.266
3.23324 333.768
3.31504 333.838
3.39684 333.047
3.47864 333.462
3.56044 334.386
3.64224 332.587
3.72404 333.846
3.80584 332.964
3.88764 333.132
3.96944 333.199
4.05124 332.714
