0 0.410978
0.001 0.410506
0.002 0.409093
0.003 0.406738
0.004 0.403443
0.005 0.399209
0.006 0.394038
0.007 0.387934
0.008 0.380899
0.009 0.372936
0.01 0.36405
0.011 0.354245
0.012 0.343526
0.013 0.331898
0.014 0.319368
0.015 0.30594
0.016 0.291624
0.017 0.276424
0.018 0.260349
0.019 0.243408
0.02 0.225607
0.021 0.206957
0.022 0.187467
0.023 0.167146
0.024 0.146005
0.025 0.124053
0.026 0.101303
0.027 0.0777647
0.028 0.0534507
0.029 0.0283729
0.03 0.00254369
0.031 0.024024
0.032 0.0513169
0.033 0.0793216
0.034 0.108024
0.035 0.13741
0.036 0.167465
0.037 0.198174
0.038 0.229522
0.039 0.261494
0.04 0.294073
0.041 0.327243
0.042 0.360989
0.043 0.395292
0.044 0.430138
0.045 0.465507
0.046 0.501384
0.047 0.537749
0.048 0.574586
0.049 0.611877
0.05 0.649602
0.051 0.687743
0.052 0.726283
0.053 0.765201
0.054 0.804479
0.055 0.844097
0.056 0.884037
0.057 0.924279
0.058 0.964803
0.059 1.00559
0.06 1.04662
0.061 1.08787
0.062 1.12932
0.063 1.17096
0.064 1.21276
0.065 1.2547
0.066 1.29677
0.067 1.33893
0.068 1.38118
0.069 1.42348
0.07 1.46583
0.071 1.5082
0.072 1.55057
0.073 1.59292
0.074 1.63523
0.075 1.67747
0.076 1.71964
0.077 1.7617
0.078 1.80365
0.079 1.84545
0.08 1.88709
0.081 1.92856
0.082 1.96982
0.083 2.01086
0.084 2.05166
0.085 2.09221
0.086 2.13248
0.087 2.17245
0.088 2.2121
0.089 2.25143
0.09 2.2904
0.091 2.329
0.092 2.36721
0.093 2.40502
0.094 2.4424
0.095 2.47935
0.096 2.51583
0.097 2.55185
0.098 2.58737
0.099 2.62238
0.1 2.65687
0.101 2.69082
0.102 2.72421
0.103 2.75704
0.104 2.78928
0.105 2.82092
0.106 2.85194
0.107 2.88234
0.108 2.91209
0.109 2.9412
0.11 2.96963
0.111 2.99738
0.112 3.02444
0.113 3.05079
0.114 3.07642
0.115 3.10133
0.116 3.12549
0.117 3.14891
0.118 3.17157
0.119 3.19345
0.12 3.21455
0.121 3.23487
0.122 3.25438
0.123 3.27309
0.124 3.29099
0.125 3.30806
0.126 3.3243
0.127 3.33971
0.128 3.35427
0.129 3.36798
0.13 3.38084
0.131 3.39284
0.132 3.40397
0.133 3.41423
0.134 3.42362
0.135 3.43213
0.136 3.43975
0.137 3.4465
0.138 3.45235
0.139 3.45732
0.14 3.46139
0.141 3.46457
0.142 3.46686
0.143 3.46826
0.144 3.46876
0.145 3.46836
0.146 3.46708
0.147 3.46489
0.148 3.46182
0.149 3.45786
0.15 3.45301
0.151 3.44727
0.152 3.44065
0.153 3.43315
0.154 3.42478
0.155 3.41553
0.156 3.40542
0.157 3.39444
0.158 3.3826
0.159 3.36992
0.16 3.35638
0.161 3.342
0.162 3.32679
0.163 3.31075
0.164 3.29389
0.165 3.27622
0.166 3.25773
0.167 3.23846
0.168 3.21839
0.169 3.19754
0.17 3.17592
0.171 3.15353
0.172 3.1304
0.173 3.10651
0.174 3.0819
0.175 3.05656
0.176 3.03051
0.177 3.00376
0.178 2.97632
0.179 2.9482
0.18 2.91941
0.181 2.88996
0.182 2.85988
0.183 2.82916
0.184 2.79782
0.185 2.76588
0.186 2.73335
0.187 2.70023
0.188 2.66655
0.189 2.63232
0.19 2.59755
0.191 2.56225
0.192 2.52645
0.193 2.49015
0.194 2.45336
0.195 2.41611
0.196 2.37841
0.197 2.34027
0.198 2.30171
0.199 2.26274
0.2 2.22338
0.201 2.18364
0.202 2.14354
0.203 2.1031
0.204 2.06232
0.205 2.02124
0.206 1.97985
0.207 1.93818
0.208 1.89625
0.209 1.85406
0.21 1.81164
0.211 1.769
0.212 1.72616
0.213 1.68314
0.214 1.63994
0.215 1.59659
0.216 1.5531
0.217 1.5095
0.218 1.46578
0.219 1.42198
0.22 1.37811
0.221 1.33417
0.222 1.2902
0.223 1.2462
0.224 1.2022
0.225 1.1582
0.226 1.11423
0.227 1.07029
0.228 1.02641
0.229 0.982601
0.23 0.938877
0.231 0.895255
0.232 0.851749
0.233 0.808376
0.234 0.76515
0.235 0.722087
0.236 0.679201
0.237 0.636507
0.238 0.59402
0.239 0.551754
0.24 0.509724
0.241 0.467944
0.242 0.426428
0.243 0.38519
0.244 0.344244
0.245 0.303603
0.246 0.26328
0.247 0.22329
0.248 0.183645
0.249 0.144357
0.25 0.10544
0.251 0.0669052
0.252 0.0287659
0.253 0.00896631
0.254 0.0462795
0.255 0.0831622
0.256 0.119603
0.257 0.155591
0.258 0.191114
0.259 0.226163
0.26 0.260727
0.261 0.294796
0.262 0.328359
0.263 0.361408
0.264 0.393931
0.265 0.425922
0.266 0.457369
0.267 0.488265
0.268 0.518602
0.269 0.54837
0.27 0.577563
0.271 0.606173
0.272 0.634191
0.273 0.661612
0.274 0.688428
0.275 0.714633
0.276 0.74022
0.277 0.765185
0.278 0.78952
0.279 0.81322
0.28 0.836281
0.281 0.858698
0.282 0.880466
0.283 0.901581
0.284 0.922038
0.285 0.941835
0.286 0.960968
0.287 0.979433
0.288 0.997229
0.289 1.01435
0.29 1.0308
0.291 1.04657
0.292 1.06167
0.293 1.07608
0.294 1.08981
0.295 1.10287
0.296 1.11524
0.297 1.12692
0.298 1.13793
0.299 1.14826
0.3 1.1579
0.301 1.16687
0.302 1.17515
0.303 1.18276
0.304 1.18969
0.305 1.19596
0.306 1.20155
0.307 1.20647
0.308 1.21072
0.309 1.21432
0.31 1.21725
0.311 1.21953
0.312 1.22116
0.313 1.22215
0.314 1.22249
0.315 1.22219
0.316 1.22126
0.317 1.2197
0.318 1.21752
0.319 1.21472
0.32 1.21132
0.321 1.20731
0.322 1.2027
0.323 1.19749
0.324 1.19171
0.325 1.18534
0.326 1.17841
0.327 1.17091
0.328 1.16286
0.329 1.15426
0.33 1.14512
0.331 1.13545
0.332 1.12525
0.333 1.11454
0.334 1.10332
0.335 1.09161
0.336 1.07941
0.337 1.06673
0.338 1.05358
0.339 1.03997
0.34 1.02591
0.341 1.01141
0.342 0.996478
0.343 0.981127
0.344 0.965364
0.345 0.949202
0.346 0.932649
0.347 0.915718
0.348 0.898417
0.349 0.880758
0.35 0.862752
0.351 0.84441
0.352 0.825741
0.353 0.806758
0.354 0.787472
0.355 0.767893
0.356 0.748033
0.357 0.727902
0.358 0.707513
0.359 0.686876
0.36 0.666003
0.361 0.644905
0.362 0.623593
0.363 0.60208
0.364 0.580375
0.365 0.558491
0.366 0.536439
0.367 0.514231
0.368 0.491877
0.369 0.46939
0.37 0.44678
0.371 0.424058
0.372 0.401237
0.373 0.378326
0.374 0.355338
0.375 0.332284
0.376 0.309174
0.377 0.28602
0.378 0.262832
0.379 0.239622
0.38 0.2164
0.381 0.193177
0.382 0.169963
0.383 0.14677
0.384 0.123607
0.385 0.100485
0.386 0.077414
0.387 0.0544044
0.388 0.0314662
0.389 0.00860914
0.39 0.0141568
0.391 0.0368221
0.392 0.0593771
0.393 0.0818124
0.394 0.104119
0.395 0.126287
0.396 0.148308
0.397 0.170173
0.398 0.191874
0.399 0.213401
0.4 0.234747
0.401 0.255903
0.402 0.276861
0.403 0.297613
0.404 0.318151
0.405 0.338468
0.406 0.358557
0.407 0.378409
0.408 0.398019
0.409 0.417379
0.41 0.436483
0.411 0.455323
0.412 0.473894
0.413 0.49219
0.414 0.510204
0.415 0.52793
0.416 0.545364
0.417 0.562499
0.418 0.579331
0.419 0.595855
0.42 0.612065
0.421 0.627957
0.422 0.643527
0.423 0.65877
0.424 0.673682
0.425 0.688259
0.426 0.702499
0.427 0.716397
0.428 0.729949
0.429 0.743154
0.43 0.756008
0.431 0.768508
0.432 0.780653
0.433 0.792438
0.434 0.803864
0.435 0.814927
0.436 0.825626
0.437 0.83596
0.438 0.845926
0.439 0.855525
0.44 0.864755
0.441 0.873615
0.442 0.882104
0.443 0.890223
0.444 0.897971
0.445 0.905348
0.446 0.912354
0.447 0.91899
0.448 0.925255
0.449 0.931152
0.45 0.93668
0.451 0.94184
0.452 0.946634
0.453 0.951063
0.454 0.955129
0.455 0.958833
0.456 0.962176
0.457 0.965162
0.458 0.967792
0.459 0.970068
0.46 0.971994
0.461 0.97357
0.462 0.9748
0.463 0.975688
0.464 0.976235
0.465 0.976445
0.466 0.976322
0.467 0.975868
0.468 0.975087
0.469 0.973983
0.47 0.972559
0.471 0.970819
0.472 0.968768
0.473 0.966409
0.474 0.963746
0.475 0.960784
0.476 0.957527
0.477 0.953979
0.478 0.950146
0.479 0.946031
0.48 0.941639
0.481 0.936976
0.482 0.932046
0.483 0.926853
0.484 0.921404
0.485 0.915703
0.486 0.909755
0.487 0.903565
0.488 0.89714
0.489 0.890483
0.49 0.883601
0.491 0.876499
0.492 0.869182
0.493 0.861656
0.494 0.853926
0.495 0.845999
0.496 0.837879
0.497 0.829573
0.498 0.821085
0.499 0.812423
0.5 0.80359
0.501 0.794594
0.502 0.78544
0.503 0.776133
0.504 0.76668
0.505 0.757086
0.506 0.747357
0.507 0.737499
0.508 0.727517
0.509 0.717418
0.51 0.707207
0.511 0.69689
0.512 0.686472
0.513 0.675959
0.514 0.665358
0.515 0.654673
0.516 0.64391
0.517 0.633075
0.518 0.622173
0.519 0.611211
0.52 0.600193
0.521 0.589125
0.522 0.578013
0.523 0.566861
0.524 0.555676
0.525 0.544462
0.526 0.533225
0.527 0.521971
0.528 0.510703
0.529 0.499427
0.53 0.488149
0.531 0.476873
0.532 0.465605
0.533 0.454348
0.534 0.443109
0.535 0.431891
0.536 0.4207
0.537 0.40954
0.538 0.398415
0.539 0.38733
0.54 0.37629
0.541 0.365299
0.542 0.35436
0.543 0.343479
0.544 0.33266
0.545 0.321905
0.546 0.31122
0.547 0.300609
0.548 0.290074
0.549 0.27962
0.55 0.26925
0.551 0.258969
0.552 0.248778
0.553 0.238683
0.554 0.228685
0.555 0.218789
0.556 0.208998
0.557 0.199313
0.558 0.18974
0.559 0.180279
0.56 0.170935
0.561 0.161709
0.562 0.152605
0.563 0.143624
0.564 0.13477
0.565 0.126045
0.566 0.11745
0.567 0.108989
0.568 0.100662
0.569 0.092473
0.57 0.0844227
0.571 0.0765132
0.572 0.0687462
0.573 0.0611233
0.574 0.0536461
0.575 0.046316
0.576 0.0391344
0.577 0.0321025
0.578 0.0252215
0.579 0.0184926
0.58 0.0119166
0.581 0.00549468
0.582 0.000772495
0.583 0.00688413
0.584 0.0128396
0.585 0.0186382
0.586 0.0242795
0.587 0.0297631
0.588 0.0350887
0.589 0.040256
0.59 0.0452648
0.591 0.0501151
0.592 0.0548067
0.593 0.0593399
0.594 0.0637147
0.595 0.0679313
0.596 0.0719901
0.597 0.0758914
0.598 0.0796357
0.599 0.0832234
0.6 0.0866552
0.601 0.0899318
0.602 0.0930538
0.603 0.096022
0.604 0.0988374
0.605 0.101501
0.606 0.104013
0.607 0.106376
0.608 0.10859
0.609 0.110656
0.61 0.112576
0.611 0.114351
0.612 0.115982
0.613 0.117471
0.614 0.118819
0.615 0.120028
0.616 0.1211
0.617 0.122035
0.618 0.122836
0.619 0.123505
0.62 0.124043
0.621 0.124452
0.622 0.124733
0.623 0.12489
0.624 0.124924
0.625 0.124836
0.626 0.124629
0.627 0.124305
0.628 0.123866
0.629 0.123315
0.63 0.122653
0.631 0.121882
0.632 0.121006
0.633 0.120025
0.634 0.118943
0.635 0.117762
0.636 0.116484
0.637 0.115112
0.638 0.113647
0.639 0.112093
0.64 0.110452
0.641 0.108726
0.642 0.106917
0.643 0.105029
0.644 0.103064
0.645 0.101024
0.646 0.098912
0.647 0.0967302
0.648 0.0944813
0.649 0.0921677
0.65 0.0897922
0.651 0.0873572
0.652 0.0848654
0.653 0.0823191
0.654 0.0797211
0.655 0.0770739
0.656 0.07438
0.657 0.0716419
0.658 0.0688622
0.659 0.0660435
0.66 0.0631882
0.661 0.0602989
0.662 0.057378
0.663 0.0544281
0.664 0.0514516
0.665 0.0484509
0.666 0.0454286
0.667 0.0423869
0.668 0.0393284
0.669 0.0362554
0.67 0.0331702
0.671 0.0300752
0.672 0.0269726
0.673 0.0238649
0.674 0.0207542
0.675 0.0176427
0.676 0.0145327
0.677 0.0114263
0.678 0.00832571
0.679 0.00523299
0.68 0.00215023
0.681 0.000920531
0.682 0.00397727
0.683 0.00701803
0.684 0.0100408
0.685 0.0130438
0.686 0.0160251
0.687 0.0189829
0.688 0.0219153
0.689 0.0248207
0.69 0.0276973
0.691 0.0305434
0.692 0.0333575
0.693 0.0361379
0.694 0.0388831
0.695 0.0415916
0.696 0.0442619
0.697 0.0468926
0.698 0.0494824
0.699 0.0520299
0.7 0.0545339
0.701 0.056993
0.702 0.0594062
0.703 0.0617722
0.704 0.0640901
0.705 0.0663586
0.706 0.0685769
0.707 0.0707439
0.708 0.0728587
0.709 0.0749206
0.71 0.0769285
0.711 0.0788819
0.712 0.0807799
0.713 0.0826219
0.714 0.0844073
0.715 0.0861354
0.716 0.0878057
0.717 0.0894177
0.718 0.0909709
0.719 0.0924651
0.72 0.0938997
0.721 0.0952745
0.722 0.0965893
0.723 0.0978437
0.724 0.0990376
0.725 0.100171
0.726 0.101244
0.727 0.102255
0.728 0.103206
0.729 0.104097
0.73 0.104926
0.731 0.105695
0.732 0.106404
0.733 0.107052
0.734 0.10764
0.735 0.108169
0.736 0.108638
0.737 0.109048
0.738 0.1094
0.739 0.109693
0.74 0.109928
0.741 0.110106
0.742 0.110227
0.743 0.110291
0.744 0.1103
0.745 0.110254
0.746 0.110154
0.747 0.109999
0.748 0.109792
0.749 0.109532
0.75 0.109221
0.751 0.108858
0.752 0.108446
0.753 0.107984
0.754 0.107474
0.755 0.106917
0.756 0.106313
0.757 0.105663
0.758 0.104968
0.759 0.10423
0.76 0.103449
0.761 0.102625
0.762 0.101761
0.763 0.100858
0.764 0.0999148
0.765 0.0989343
0.766 0.0979171
0.767 0.0968642
0.768 0.0957767
0.769 0.0946556
0.77 0.0935022
0.771 0.0923174
0.772 0.0911024
0.773 0.0898583
0.774 0.0885862
0.775 0.0872873
0.776 0.0859625
0.777 0.0846132
0.778 0.0832404
0.779 0.0818452
0.78 0.0804288
0.781 0.0789923
0.782 0.0775369
0.783 0.0760635
0.784 0.0745735
0.785 0.0730678
0.786 0.0715476
0.787 0.070014
0.788 0.0684682
0.789 0.0669111
0.79 0.065344
0.791 0.0637678
0.792 0.0621836
0.793 0.0605926
0.794 0.0589957
0.795 0.057394
0.796 0.0557886
0.797 0.0541804
0.798 0.0525704
0.799 0.0509598
0.8 0.0493493
0.801 0.0477401
0.802 0.046133
0.803 0.044529
0.804 0.0429291
0.805 0.0413341
0.806 0.039745
0.807 0.0381625
0.808 0.0365877
0.809 0.0350213
0.81 0.0334641
0.811 0.031917
0.812 0.0303808
0.813 0.0288563
0.814 0.0273442
0.815 0.0258452
0.816 0.0243602
0.817 0.0228897
0.818 0.0214345
0.819 0.0199953
0.82 0.0185727
0.821 0.0171673
0.822 0.0157798
0.823 0.0144107
0.824 0.0130607
0.825 0.0117303
0.826 0.01042
0.827 0.00913037
0.828 0.00786188
0.829 0.00661503
0.83 0.00539027
0.831 0.00418806
0.832 0.00300882
0.833 0.00185296
0.834 0.000720854
0.835 0.000387113
0.836 0.00147059
0.837 0.00252926
0.838 0.00356279
0.839 0.00457089
0.84 0.00555328
0.841 0.00650971
0.842 0.00743992
0.843 0.0083437
0.844 0.00922082
0.845 0.0100711
0.846 0.0108944
0.847 0.0116905
0.848 0.0124593
0.849 0.0132007
0.85 0.0139145
0.851 0.0146007
0.852 0.0152591
0.853 0.0158898
0.854 0.0164927
0.855 0.0170677
0.856 0.0176148
0.857 0.018134
0.858 0.0186254
0.859 0.0190889
0.86 0.0195247
0.861 0.0199326
0.862 0.0203129
0.863 0.0206656
0.864 0.0209908
0.865 0.0212885
0.866 0.0215589
0.867 0.0218022
0.868 0.0220184
0.869 0.0222078
0.87 0.0223704
0.871 0.0225065
0.872 0.0226162
0.873 0.0226997
0.874 0.0227572
0.875 0.022789
0.876 0.0227952
0.877 0.0227762
0.878 0.022732
0.879 0.0226631
0.88 0.0225696
0.881 0.0224518
0.882 0.02231
0.883 0.0221445
0.884 0.0219555
0.885 0.0217434
0.886 0.0215085
0.887 0.021251
0.888 0.0209714
0.889 0.0206699
0.89 0.0203469
0.891 0.0200026
0.892 0.0196376
0.893 0.019252
0.894 0.0188464
0.895 0.0184209
0.896 0.0179761
0.897 0.0175123
0.898 0.0170298
0.899 0.0165291
0.9 0.0160105
0.901 0.0154745
0.902 0.0149214
0.903 0.0143517
0.904 0.0137657
0.905 0.0131639
0.906 0.0125467
0.907 0.0119145
0.908 0.0112678
0.909 0.0106069
0.91 0.00993233
0.911 0.00924451
0.912 0.00854386
0.913 0.00783083
0.914 0.00710587
0.915 0.00636942
0.916 0.00562194
0.917 0.00486387
0.918 0.00409568
0.919 0.00331782
0.92 0.00253074
0.921 0.00173492
0.922 0.000930813
0.923 0.000118883
0.924 0.000700402
0.925 0.00152657
0.926 0.00235917
0.927 0.00319771
0.928 0.00404173
0.929 0.00489075
0.93 0.00574431
0.931 0.00660193
0.932 0.00746315
0.933 0.00832747
0.934 0.00919444
0.935 0.0100636
0.936 0.0109344
0.937 0.0118065
0.938 0.0126793
0.939 0.0135524
0.94 0.0144253
0.941 0.0152976
0.942 0.0161687
0.943 0.0170383
0.944 0.0179057
0.945 0.0187707
0.946 0.0196327
0.947 0.0204913
0.948 0.021346
0.949 0.0221963
0.95 0.0230419
0.951 0.0238822
0.952 0.0247168
0.953 0.0255453
0.954 0.0263673
0.955 0.0271822
0.956 0.0279898
0.957 0.0287895
0.958 0.0295809
0.959 0.0303636
0.96 0.0311373
0.961 0.0319014
0.962 0.0326556
0.963 0.0333996
0.964 0.0341329
0.965 0.034855
0.966 0.0355658
0.967 0.0362647
0.968 0.0369515
0.969 0.0376257
0.97 0.038287
0.971 0.0389351
0.972 0.0395696
0.973 0.0401902
0.974 0.0407966
0.975 0.0413884
0.976 0.0419654
0.977 0.0425273
0.978 0.0430738
0.979 0.0436045
0.98 0.0441193
0.981 0.0446178
0.982 0.0450999
0.983 0.0455652
0.984 0.0460136
0.985 0.0464448
0.986 0.0468585
0.987 0.0472547
0.988 0.0476331
0.989 0.0479936
0.99 0.0483358
0.991 0.0486598
0.992 0.0489653
0.993 0.0492523
0.994 0.0495205
0.995 0.0497699
0.996 0.0500003
0.997 0.0502117
0.998 0.050404
0.999 0.050577
