-3.74488 336.115
-3.67023 335.168
-3.59559 335.671
-3.52095 335.122
-3.44631 335.116
-3.37166 335.678
-3.29702 335.444
-3.22238 335.219
-3.14773 335.409
-3.07309 336.45
-2.99845 335.25
-2.9238 336.52
-2.84916 336.197
-2.77452 337.53
-2.69987 339.587
-2.62523 343.12
-2.55059 349.023
-2.47594 358.029
-2.4013 369.633
-2.32666 384.426
-2.25202 400.4
-2.17737 416.048
-2.10273 428.933
-2.02809 436.481
-1.95344 438.689
-1.8788 434.69
-1.80416 425.95
-1.72951 415.758
-1.65487 402.322
-1.58023 386.956
-1.50558 368.896
-1.43094 351.015
-1.3563 334.374
-1.28165 320.286
-1.20701 310.085
-1.13237 303.278
-1.05773 298.323
-0.98308 295.24
-0.90844 292.478
-0.8338 289.736
-0.75915 287.355
-0.68451 284.282
-0.60987 280.082
-0.53522 275.103
-0.46058 268.787
-0.38594 261.111
-0.31129 253.635
-0.23665 246.892
-0.16201 241.378
-0.08736 240.235
-0.01272 242.346
0.06192 247.747
0.13657 255.003
0.21121 262.792
0.28585 269.833
0.36049 276.326
0.43514 281.45
0.50978 285.885
0.58442 288.569
0.65907 291.148
0.73371 293.652
0.80835 296.491
0.883 300.151
0.95764 306.748
1.03228 315.273
1.10693 327.272
1.18157 341.626
1.25621 357.702
1.33086 374.643
1.4055 390.84
1.48014 406.284
1.55479 418.632
1.62943 428.184
1.70407 433.259
1.77871 434.724
1.85336 430.241
1.928 422.536
2.00264 409.387
2.07729 395.366
2.15193 380.855
2.22657 368.13
2.30122 356.47
2.37586 348.628
2.4505 342.171
2.52515 339.457
2.59979 337.24
2.67443 336.637
2.74908 336.114
2.82372 335.772
2.89836 335.458
2.97301 335.59
3.04765 335.593
3.12229 335.614
3.19693 335.117
3.27158 335.486
3.34622 335.169
3.42086 335.285
3.49551 335.499
3.57015 334.194
