0 0.410786
0.001 0.410378
0.002 0.409155
0.003 0.407118
0.004 0.404266
0.005 0.400602
0.006 0.396127
0.007 0.390844
0.008 0.384754
0.009 0.37786
0.01 0.370166
0.011 0.361675
0.012 0.35239
0.013 0.342317
0.014 0.331459
0.015 0.319822
0.016 0.307411
0.017 0.294231
0.018 0.280289
0.019 0.26559
0.02 0.250142
0.021 0.233951
0.022 0.217025
0.023 0.199371
0.024 0.180997
0.025 0.161913
0.026 0.142125
0.027 0.121644
0.028 0.100478
0.029 0.0786374
0.03 0.0561315
0.031 0.0329706
0.032 0.00916517
0.033 0.0152741
0.034 0.0403362
0.035 0.0660099
0.036 0.0922837
0.037 0.119146
0.038 0.146584
0.039 0.174586
0.04 0.203139
0.041 0.232231
0.042 0.261849
0.043 0.291978
0.044 0.322607
0.045 0.353721
0.046 0.385306
0.047 0.417348
0.048 0.449833
0.049 0.482747
0.05 0.516074
0.051 0.549801
0.052 0.583911
0.053 0.618391
0.054 0.653224
0.055 0.688396
0.056 0.72389
0.057 0.759691
0.058 0.795784
0.059 0.832152
0.06 0.868779
0.061 0.90565
0.062 0.942748
0.063 0.980057
0.064 1.01756
0.065 1.05524
0.066 1.09308
0.067 1.13107
0.068 1.16919
0.069 1.20742
0.07 1.24574
0.071 1.28414
0.072 1.32261
0.073 1.36112
0.074 1.39966
0.075 1.43821
0.076 1.47675
0.077 1.51528
0.078 1.55377
0.079 1.5922
0.08 1.63056
0.081 1.66884
0.082 1.70701
0.083 1.74506
0.084 1.78298
0.085 1.82075
0.086 1.85834
0.087 1.89576
0.088 1.93297
0.089 1.96997
0.09 2.00673
0.091 2.04325
0.092 2.07951
0.093 2.11549
0.094 2.15118
0.095 2.18656
0.096 2.22162
0.097 2.25635
0.098 2.29072
0.099 2.32473
0.1 2.35836
0.101 2.3916
0.102 2.42443
0.103 2.45684
0.104 2.48881
0.105 2.52034
0.106 2.55142
0.107 2.58202
0.108 2.61213
0.109 2.64175
0.11 2.67086
0.111 2.69945
0.112 2.72751
0.113 2.75503
0.114 2.78199
0.115 2.80839
0.116 2.83422
0.117 2.85945
0.118 2.8841
0.119 2.90814
0.12 2.93156
0.121 2.95436
0.122 2.97653
0.123 2.99806
0.124 3.01894
0.125 3.03916
0.126 3.05872
0.127 3.07761
0.128 3.09582
0.129 3.11334
0.13 3.13016
0.131 3.14629
0.132 3.16172
0.133 3.17643
0.134 3.19042
0.135 3.2037
0.136 3.21625
0.137 3.22807
0.138 3.23915
0.139 3.2495
0.14 3.2591
0.141 3.26796
0.142 3.27607
0.143 3.28343
0.144 3.29004
0.145 3.29589
0.146 3.30098
0.147 3.30531
0.148 3.30889
0.149 3.3117
0.15 3.31375
0.151 3.31504
0.152 3.31557
0.153 3.31534
0.154 3.31435
0.155 3.3126
0.156 3.31009
0.157 3.30682
0.158 3.3028
0.159 3.29802
0.16 3.2925
0.161 3.28622
0.162 3.2792
0.163 3.27144
0.164 3.26294
0.165 3.2537
0.166 3.24374
0.167 3.23304
0.168 3.22163
0.169 3.20949
0.17 3.19665
0.171 3.1831
0.172 3.16884
0.173 3.15389
0.174 3.13825
0.175 3.12193
0.176 3.10493
0.177 3.08726
0.178 3.06892
0.179 3.04993
0.18 3.03029
0.181 3.01001
0.182 2.9891
0.183 2.96756
0.184 2.9454
0.185 2.92263
0.186 2.89927
0.187 2.87531
0.188 2.85077
0.189 2.82565
0.19 2.79997
0.191 2.77374
0.192 2.74696
0.193 2.71965
0.194 2.69181
0.195 2.66346
0.196 2.6346
0.197 2.60525
0.198 2.57542
0.199 2.54511
0.2 2.51434
0.201 2.48313
0.202 2.45147
0.203 2.41938
0.204 2.38687
0.205 2.35396
0.206 2.32066
0.207 2.28697
0.208 2.25292
0.209 2.2185
0.21 2.18374
0.211 2.14864
0.212 2.11322
0.213 2.07749
0.214 2.04146
0.215 2.00515
0.216 1.96856
0.217 1.93171
0.218 1.89461
0.219 1.85727
0.22 1.81971
0.221 1.78194
0.222 1.74397
0.223 1.70581
0.224 1.66748
0.225 1.62899
0.226 1.59035
0.227 1.55157
0.228 1.51267
0.229 1.47366
0.23 1.43455
0.231 1.39536
0.232 1.35609
0.233 1.31676
0.234 1.27739
0.235 1.23797
0.236 1.19854
0.237 1.1591
0.238 1.11965
0.239 1.08022
0.24 1.04082
0.241 1.00145
0.242 0.962141
0.243 0.922889
0.244 0.883712
0.245 0.844622
0.246 0.80563
0.247 0.766748
0.248 0.727987
0.249 0.68936
0.25 0.650878
0.251 0.612552
0.252 0.574393
0.253 0.536413
0.254 0.498622
0.255 0.461032
0.256 0.423653
0.257 0.386497
0.258 0.349573
0.259 0.312892
0.26 0.276465
0.261 0.240302
0.262 0.204412
0.263 0.168806
0.264 0.133493
0.265 0.0984839
0.266 0.0637871
0.267 0.0294122
0.268 0.00463149
0.269 0.038335
0.27 0.0716895
0.271 0.104686
0.272 0.137316
0.273 0.169572
0.274 0.201445
0.275 0.232926
0.276 0.264009
0.277 0.294685
0.278 0.324947
0.279 0.354788
0.28 0.3842
0.281 0.413176
0.282 0.44171
0.283 0.469795
0.284 0.497425
0.285 0.524592
0.286 0.551292
0.287 0.577519
0.288 0.603266
0.289 0.628528
0.29 0.6533
0.291 0.677577
0.292 0.701355
0.293 0.724627
0.294 0.74739
0.295 0.76964
0.296 0.791373
0.297 0.812584
0.298 0.83327
0.299 0.853427
0.3 0.873053
0.301 0.892143
0.302 0.910697
0.303 0.928709
0.304 0.946179
0.305 0.963104
0.306 0.979482
0.307 0.995311
0.308 1.01059
0.309 1.02532
0.31 1.03949
0.311 1.05311
0.312 1.06617
0.313 1.07868
0.314 1.09063
0.315 1.10203
0.316 1.11287
0.317 1.12315
0.318 1.13288
0.319 1.14206
0.32 1.15068
0.321 1.15874
0.322 1.16626
0.323 1.17322
0.324 1.17964
0.325 1.1855
0.326 1.19083
0.327 1.19561
0.328 1.19985
0.329 1.20355
0.33 1.20671
0.331 1.20934
0.332 1.21145
0.333 1.21302
0.334 1.21408
0.335 1.21461
0.336 1.21463
0.337 1.21414
0.338 1.21314
0.339 1.21163
0.34 1.20963
0.341 1.20714
0.342 1.20415
0.343 1.20068
0.344 1.19673
0.345 1.19231
0.346 1.18742
0.347 1.18206
0.348 1.17625
0.349 1.16998
0.35 1.16327
0.351 1.15612
0.352 1.14854
0.353 1.14052
0.354 1.13209
0.355 1.12325
0.356 1.11399
0.357 1.10433
0.358 1.09429
0.359 1.08385
0.36 1.07303
0.361 1.06184
0.362 1.05029
0.363 1.03838
0.364 1.02611
0.365 1.01351
0.366 1.00057
0.367 0.987301
0.368 0.973714
0.369 0.959815
0.37 0.945612
0.371 0.931114
0.372 0.916328
0.373 0.901263
0.374 0.885927
0.375 0.870328
0.376 0.854474
0.377 0.838374
0.378 0.822037
0.379 0.80547
0.38 0.788682
0.381 0.771681
0.382 0.754477
0.383 0.737077
0.384 0.719491
0.385 0.701726
0.386 0.683792
0.387 0.665696
0.388 0.647448
0.389 0.629057
0.39 0.61053
0.391 0.591876
0.392 0.573104
0.393 0.554222
0.394 0.53524
0.395 0.516164
0.396 0.497005
0.397 0.47777
0.398 0.458468
0.399 0.439107
0.4 0.419696
0.401 0.400242
0.402 0.380754
0.403 0.361241
0.404 0.34171
0.405 0.322169
0.406 0.302627
0.407 0.283092
0.408 0.26357
0.409 0.244071
0.41 0.224602
0.411 0.205171
0.412 0.185785
0.413 0.166451
0.414 0.147178
0.415 0.127973
0.416 0.108842
0.417 0.0897934
0.418 0.0708338
0.419 0.0519702
0.42 0.0332096
0.421 0.0145587
0.422 0.00397572
0.423 0.0223872
0.424 0.0406693
0.425 0.0588155
0.426 0.0768198
0.427 0.0946759
0.428 0.112378
0.429 0.12992
0.43 0.147296
0.431 0.164501
0.432 0.181528
0.433 0.198374
0.434 0.215031
0.435 0.231496
0.436 0.247764
0.437 0.263828
0.438 0.279685
0.439 0.29533
0.44 0.310759
0.441 0.325967
0.442 0.34095
0.443 0.355703
0.444 0.370224
0.445 0.384508
0.446 0.398551
0.447 0.412351
0.448 0.425903
0.449 0.439204
0.45 0.452252
0.451 0.465043
0.452 0.477574
0.453 0.489844
0.454 0.501849
0.455 0.513587
0.456 0.525055
0.457 0.536253
0.458 0.547177
0.459 0.557826
0.46 0.568198
0.461 0.578291
0.462 0.588105
0.463 0.597638
0.464 0.606889
0.465 0.615857
0.466 0.62454
0.467 0.632939
0.468 0.641053
0.469 0.648881
0.47 0.656423
0.471 0.663679
0.472 0.670649
0.473 0.677332
0.474 0.68373
0.475 0.689841
0.476 0.695668
0.477 0.70121
0.478 0.706468
0.479 0.711444
0.48 0.716137
0.481 0.720549
0.482 0.724681
0.483 0.728534
0.484 0.73211
0.485 0.735411
0.486 0.738437
0.487 0.741192
0.488 0.743675
0.489 0.74589
0.49 0.747839
0.491 0.749523
0.492 0.750945
0.493 0.752107
0.494 0.753012
0.495 0.753661
0.496 0.754058
0.497 0.754206
0.498 0.754107
0.499 0.753763
0.5 0.753179
0.501 0.752356
0.502 0.751298
0.503 0.750008
0.504 0.74849
0.505 0.746746
0.506 0.74478
0.507 0.742595
0.508 0.740195
0.509 0.737583
0.51 0.734763
0.511 0.731739
0.512 0.728514
0.513 0.725091
0.514 0.721475
0.515 0.71767
0.516 0.713679
0.517 0.709507
0.518 0.705156
0.519 0.700632
0.52 0.695937
0.521 0.691077
0.522 0.686055
0.523 0.680876
0.524 0.675543
0.525 0.67006
0.526 0.664432
0.527 0.658662
0.528 0.652756
0.529 0.646717
0.53 0.640549
0.531 0.634257
0.532 0.627844
0.533 0.621315
0.534 0.614675
0.535 0.607926
0.536 0.601075
0.537 0.594123
0.538 0.587077
0.539 0.57994
0.54 0.572716
0.541 0.565409
0.542 0.558023
0.543 0.550563
0.544 0.543033
0.545 0.535437
0.546 0.527778
0.547 0.520061
0.548 0.51229
0.549 0.504468
0.55 0.4966
0.551 0.48869
0.552 0.480741
0.553 0.472758
0.554 0.464743
0.555 0.456702
0.556 0.448637
0.557 0.440552
0.558 0.432452
0.559 0.424338
0.56 0.416216
0.561 0.408089
0.562 0.39996
0.563 0.391832
0.564 0.38371
0.565 0.375595
0.566 0.367492
0.567 0.359404
0.568 0.351334
0.569 0.343286
0.57 0.335261
0.571 0.327264
0.572 0.319296
0.573 0.311362
0.574 0.303464
0.575 0.295605
0.576 0.287788
0.577 0.280014
0.578 0.272288
0.579 0.264611
0.58 0.256986
0.581 0.249416
0.582 0.241902
0.583 0.234448
0.584 0.227055
0.585 0.219727
0.586 0.212463
0.587 0.205268
0.588 0.198143
0.589 0.19109
0.59 0.184111
0.591 0.177208
0.592 0.170383
0.593 0.163637
0.594 0.156972
0.595 0.150389
0.596 0.143891
0.597 0.137479
0.598 0.131153
0.599 0.124917
0.6 0.11877
0.601 0.112714
0.602 0.106751
0.603 0.100881
0.604 0.0951055
0.605 0.0894258
0.606 0.0838426
0.607 0.0783569
0.608 0.0729695
0.609 0.0676812
0.61 0.0624928
0.611 0.0574048
0.612 0.0524181
0.613 0.0475331
0.614 0.0427503
0.615 0.0380702
0.616 0.0334933
0.617 0.0290199
0.618 0.0246502
0.619 0.0203846
0.62 0.0162233
0.621 0.0121663
0.622 0.00821387
0.623 0.00436598
0.624 0.00062267
0.625 0.00301612
0.626 0.00655047
0.627 0.00998051
0.628 0.0133064
0.629 0.0165285
0.63 0.0196469
0.631 0.0226619
0.632 0.0255741
0.633 0.0283836
0.634 0.0310911
0.635 0.0336969
0.636 0.0362016
0.637 0.0386057
0.638 0.0409099
0.639 0.0431147
0.64 0.0452209
0.641 0.0472291
0.642 0.0491401
0.643 0.0509547
0.644 0.0526736
0.645 0.0542978
0.646 0.0558281
0.647 0.0572653
0.648 0.0586105
0.649 0.0598646
0.65 0.0610286
0.651 0.0621035
0.652 0.0630904
0.653 0.0639903
0.654 0.0648043
0.655 0.0655337
0.656 0.0661794
0.657 0.0667428
0.658 0.0672249
0.659 0.067627
0.66 0.0679504
0.661 0.0681962
0.662 0.0683659
0.663 0.0684606
0.664 0.0684816
0.665 0.0684304
0.666 0.0683083
0.667 0.0681165
0.668 0.0678566
0.669 0.0675298
0.67 0.0671376
0.671 0.0666814
0.672 0.0661626
0.673 0.0655827
0.674 0.0649431
0.675 0.0642452
0.676 0.0634905
0.677 0.0626805
0.678 0.0618167
0.679 0.0609005
0.68 0.0599335
0.681 0.058917
0.682 0.0578528
0.683 0.0567421
0.684 0.0555866
0.685 0.0543877
0.686 0.0531469
0.687 0.0518658
0.688 0.0505459
0.689 0.0491886
0.69 0.0477955
0.691 0.046368
0.692 0.0449078
0.693 0.0434162
0.694 0.0418948
0.695 0.040345
0.696 0.0387684
0.697 0.0371664
0.698 0.0355405
0.699 0.0338921
0.7 0.0322227
0.701 0.0305338
0.702 0.0288268
0.703 0.0271031
0.704 0.0253642
0.705 0.0236114
0.706 0.0218462
0.707 0.0200699
0.708 0.0182839
0.709 0.0164896
0.71 0.0146883
0.711 0.0128814
0.712 0.0110702
0.713 0.00925592
0.714 0.00743995
0.715 0.00562354
0.716 0.00380794
0.717 0.0019944
0.718 0.000184138
0.719 0.00162163
0.72 0.00342171
0.721 0.00521493
0.722 0.00700014
0.723 0.00877621
0.724 0.010542
0.725 0.0122965
0.726 0.0140385
0.727 0.015767
0.728 0.017481
0.729 0.0191795
0.73 0.0208614
0.731 0.0225258
0.732 0.0241718
0.733 0.0257984
0.734 0.0274047
0.735 0.0289899
0.736 0.030553
0.737 0.0320933
0.738 0.03361
0.739 0.0351021
0.74 0.0365691
0.741 0.0380101
0.742 0.0394245
0.743 0.0408115
0.744 0.0421705
0.745 0.0435008
0.746 0.0448018
0.747 0.046073
0.748 0.0473137
0.749 0.0485235
0.75 0.0497018
0.751 0.0508481
0.752 0.0519619
0.753 0.0530429
0.754 0.0540906
0.755 0.0551046
0.756 0.0560845
0.757 0.0570301
0.758 0.0579409
0.759 0.0588168
0.76 0.0596575
0.761 0.0604626
0.762 0.0612321
0.763 0.0619657
0.764 0.0626633
0.765 0.0633246
0.766 0.0639497
0.767 0.0645385
0.768 0.0650908
0.769 0.0656066
0.77 0.0660859
0.771 0.0665288
0.772 0.0669352
0.773 0.0673052
0.774 0.0676389
0.775 0.0679364
0.776 0.0681978
0.777 0.0684233
0.778 0.068613
0.779 0.0687671
0.78 0.0688859
0.781 0.0689696
0.782 0.0690183
0.783 0.0690325
0.784 0.0690124
0.785 0.0689582
0.786 0.0688705
0.787 0.0687494
0.788 0.0685953
0.789 0.0684088
0.79 0.0681901
0.791 0.0679397
0.792 0.067658
0.793 0.0673455
0.794 0.0670027
0.795 0.0666301
0.796 0.0662281
0.797 0.0657973
0.798 0.0653382
0.799 0.0648513
0.8 0.0643374
0.801 0.0637968
0.802 0.0632302
0.803 0.0626381
0.804 0.0620213
0.805 0.0613803
0.806 0.0607158
0.807 0.0600284
0.808 0.0593187
0.809 0.0585874
0.81 0.0578351
0.811 0.0570626
0.812 0.0562706
0.813 0.0554597
0.814 0.0546305
0.815 0.0537839
0.816 0.0529205
0.817 0.0520411
0.818 0.0511463
0.819 0.0502368
0.82 0.0493135
0.821 0.0483769
0.822 0.0474279
0.823 0.0464672
0.824 0.0454954
0.825 0.0445134
0.826 0.0435218
0.827 0.0425214
0.828 0.0415129
0.829 0.040497
0.83 0.0394745
0.831 0.038446
0.832 0.0374123
0.833 0.0363742
0.834 0.0353322
0.835 0.0342872
0.836 0.0332398
0.837 0.0321907
0.838 0.0311406
0.839 0.0300901
0.84 0.0290401
0.841 0.0279911
0.842 0.0269437
0.843 0.0258987
0.844 0.0248568
0.845 0.0238184
0.846 0.0227843
0.847 0.0217551
0.848 0.0207313
0.849 0.0197137
0.85 0.0187027
0.851 0.0176989
0.852 0.016703
0.853 0.0157155
0.854 0.0147368
0.855 0.0137676
0.856 0.0128084
0.857 0.0118597
0.858 0.0109219
0.859 0.00999558
0.86 0.00908118
0.861 0.00817915
0.862 0.00728994
0.863 0.00641398
0.864 0.00555169
0.865 0.00470345
0.866 0.00386967
0.867 0.00305071
0.868 0.00224693
0.869 0.00145867
0.87 0.000686272
0.871 6.99585e-05
0.872 0.000809719
0.873 0.00153272
0.874 0.0022387
0.875 0.0029274
0.876 0.00359857
0.877 0.00425198
0.878 0.00488744
0.879 0.00550474
0.88 0.00610369
0.881 0.00668413
0.882 0.00724591
0.883 0.00778888
0.884 0.00831293
0.885 0.00881795
0.886 0.00930383
0.887 0.00977049
0.888 0.0102179
0.889 0.0106459
0.89 0.0110546
0.891 0.0114439
0.892 0.0118137
0.893 0.0121642
0.894 0.0124953
0.895 0.0128069
0.896 0.0130993
0.897 0.0133724
0.898 0.0136262
0.899 0.0138609
0.9 0.0140766
0.901 0.0142733
0.902 0.0144512
0.903 0.0146104
0.904 0.0147509
0.905 0.0148731
0.906 0.014977
0.907 0.0150627
0.908 0.0151305
0.909 0.0151806
0.91 0.0152131
0.911 0.0152282
0.912 0.0152262
0.913 0.0152072
0.914 0.0151716
0.915 0.0151195
0.916 0.0150512
0.917 0.0149669
0.918 0.0148669
0.919 0.0147515
0.92 0.0146209
0.921 0.0144754
0.922 0.0143153
0.923 0.0141409
0.924 0.0139524
0.925 0.0137503
0.926 0.0135347
0.927 0.013306
0.928 0.0130645
0.929 0.0128105
0.93 0.0125443
0.931 0.0122663
0.932 0.0119768
0.933 0.0116762
0.934 0.0113646
0.935 0.0110425
0.936 0.0107103
0.937 0.0103681
0.938 0.0100165
0.939 0.00965568
0.94 0.00928601
0.941 0.00890785
0.942 0.00852151
0.943 0.00812735
0.944 0.0077257
0.945 0.0073169
0.946 0.00690128
0.947 0.00647919
0.948 0.00605095
0.949 0.0056169
0.95 0.00517737
0.951 0.00473269
0.952 0.00428318
0.953 0.00382918
0.954 0.00337101
0.955 0.00290897
0.956 0.0024434
0.957 0.0019746
0.958 0.00150289
0.959 0.00102857
0.96 0.000551953
0.961 7.33304e-05
0.962 0.000406998
0.963 0.000888739
0.964 0.0013716
0.965 0.00185531
0.966 0.00233957
0.967 0.00282411
0.968 0.00330867
0.969 0.00379297
0.97 0.00427675
0.971 0.00475975
0.972 0.00524172
0.973 0.00572241
0.974 0.00620158
0.975 0.00667898
0.976 0.00715439
0.977 0.00762757
0.978 0.0080983
0.979 0.00856637
0.98 0.00903155
0.981 0.00949364
0.982 0.00995243
0.983 0.0104077
0.984 0.0108593
0.985 0.0113071
0.986 0.0117508
0.987 0.0121902
0.988 0.0126252
0.989 0.0130557
0.99 0.0134813
0.991 0.0139021
0.992 0.0143179
0.993 0.0147284
0.994 0.0151336
0.995 0.0155333
0.996 0.0159273
0.997 0.0163157
0.998 0.0166981
0.999 0.0170745
