-3.95376 332.521
-3.87389 333.641
-3.79401 332.499
-3.71414 332.816
-3.63426 334.35
-3.55439 333.516
-3.47452 332.823
-3.39464 333.516
-3.31477 333.833
-3.2349 333.962
-3.15502 331.535
-3.07515 334.289
-2.99527 334.498
-2.9154 333.406
-2.83553 334.197
-2.75565 336.823
-2.67578 336.963
-2.5959 341.306
-2.51603 345.954
-2.43616 354.9
-2.35628 367.073
-2.27641 381.651
-2.19653 398.402
-2.11666 411.769
-2.03679 426.326
-1.95691 431.321
-1.87704 433.587
-1.79716 429.85
-1.71729 421.607
-1.63742 409.021
-1.55754 393.96
-1.47767 375.904
-1.39779 358.079
-1.31792 341.438
-1.23805 326.209
-1.15817 313.564
-1.0783 303.788
-0.998424 297.946
-0.91855 294.388
-0.838677 290.97
-0.758803 288.13
-0.678929 285.132
-0.599055 281.748
-0.519181 277.132
-0.439307 272.679
-0.359433 265.237
-0.279559 258.063
-0.199685 249.547
-0.119811 243.001
-0.039937 239.935
0.039937 240.129
0.119811 243.179
0.199685 250.162
0.279559 257.912
0.359433 264.486
0.439307 272.215
0.519181 278.238
0.599055 282.264
0.678929 285.413
0.758803 287.747
0.838677 290.836
0.91855 293.975
0.998424 298.783
1.0783 303.786
1.15817 312.855
1.23805 324.719
1.31792 341.162
1.39779 358.483
1.47767 377.173
1.55754 394.755
1.63742 409.151
1.71729 419.72
1.79716 428.536
1.87704 433.231
1.95691 432.8
2.03679 426.849
2.11666 413.412
2.19653 397.799
2.27641 381.841
2.35628 367.828
2.43616 354.554
2.51603 345.82
2.5959 340.304
2.67578 337.641
2.75565 335.471
2.83553 334.573
2.9154 333.441
2.99527 333.453
3.07515 334.709
3.15502 333.092
3.2349 334.131
3.31477 333.432
3.39464 332.819
3.47452 334.32
3.55439 332.667
3.63426 333.576
3.71414 333.964
3.79401 332.999
3.87389 333.308
3.95376 333.775
