0 0.40591
0.001 0.405477
0.002 0.404178
0.003 0.402015
0.004 0.398987
0.005 0.395096
0.006 0.390345
0.007 0.384736
0.008 0.37827
0.009 0.370952
0.01 0.362785
0.011 0.353772
0.012 0.343919
0.013 0.333229
0.014 0.321709
0.015 0.309362
0.016 0.296196
0.017 0.282217
0.018 0.267431
0.019 0.251845
0.02 0.235467
0.021 0.218305
0.022 0.200366
0.023 0.18166
0.024 0.162195
0.025 0.141981
0.026 0.121027
0.027 0.099343
0.028 0.0769394
0.029 0.053827
0.03 0.0300166
0.031 0.00551966
0.032 0.0196523
0.033 0.0454874
0.034 0.0719734
0.035 0.0990977
0.036 0.126848
0.037 0.15521
0.038 0.184171
0.039 0.213718
0.04 0.243836
0.041 0.274511
0.042 0.30573
0.043 0.337476
0.044 0.369736
0.045 0.402494
0.046 0.435735
0.047 0.469444
0.048 0.503604
0.049 0.5382
0.05 0.573215
0.051 0.608634
0.052 0.644439
0.053 0.680615
0.054 0.717144
0.055 0.75401
0.056 0.791195
0.057 0.828683
0.058 0.866455
0.059 0.904496
0.06 0.942787
0.061 0.98131
0.062 1.02005
0.063 1.05898
0.064 1.0981
0.065 1.13738
0.066 1.1768
0.067 1.21634
0.068 1.256
0.069 1.29574
0.07 1.33556
0.071 1.37543
0.072 1.41533
0.073 1.45526
0.074 1.49518
0.075 1.53509
0.076 1.57496
0.077 1.61478
0.078 1.65452
0.079 1.69418
0.08 1.73373
0.081 1.77316
0.082 1.81244
0.083 1.85157
0.084 1.89052
0.085 1.92928
0.086 1.96783
0.087 2.00615
0.088 2.04423
0.089 2.08204
0.09 2.11958
0.091 2.15683
0.092 2.19377
0.093 2.23038
0.094 2.26666
0.095 2.30257
0.096 2.33812
0.097 2.37328
0.098 2.40803
0.099 2.44237
0.1 2.47628
0.101 2.50975
0.102 2.54275
0.103 2.57528
0.104 2.60733
0.105 2.63887
0.106 2.6699
0.107 2.7004
0.108 2.73037
0.109 2.75978
0.11 2.78863
0.111 2.81691
0.112 2.84459
0.113 2.87168
0.114 2.89816
0.115 2.92403
0.116 2.94926
0.117 2.97385
0.118 2.99779
0.119 3.02107
0.12 3.04368
0.121 3.06561
0.122 3.08686
0.123 3.10742
0.124 3.12727
0.125 3.14641
0.126 3.16483
0.127 3.18253
0.128 3.19949
0.129 3.21572
0.13 3.23121
0.131 3.24594
0.132 3.25992
0.133 3.27314
0.134 3.28559
0.135 3.29728
0.136 3.30819
0.137 3.31832
0.138 3.32767
0.139 3.33624
0.14 3.34402
0.141 3.35101
0.142 3.35721
0.143 3.36262
0.144 3.36723
0.145 3.37104
0.146 3.37405
0.147 3.37627
0.148 3.37769
0.149 3.37831
0.15 3.37813
0.151 3.37716
0.152 3.37539
0.153 3.37282
0.154 3.36946
0.155 3.36531
0.156 3.36036
0.157 3.35463
0.158 3.34812
0.159 3.34082
0.16 3.33275
0.161 3.3239
0.162 3.31428
0.163 3.3039
0.164 3.29275
0.165 3.28085
0.166 3.26819
0.167 3.25478
0.168 3.24064
0.169 3.22576
0.17 3.21015
0.171 3.19382
0.172 3.17677
0.173 3.15901
0.174 3.14054
0.175 3.12138
0.176 3.10154
0.177 3.08101
0.178 3.05981
0.179 3.03795
0.18 3.01543
0.181 2.99227
0.182 2.96847
0.183 2.94404
0.184 2.91898
0.185 2.89332
0.186 2.86706
0.187 2.84021
0.188 2.81278
0.189 2.78477
0.19 2.75621
0.191 2.72709
0.192 2.69744
0.193 2.66726
0.194 2.63656
0.195 2.60536
0.196 2.57366
0.197 2.54148
0.198 2.50883
0.199 2.47572
0.2 2.44216
0.201 2.40816
0.202 2.37375
0.203 2.33891
0.204 2.30369
0.205 2.26807
0.206 2.23208
0.207 2.19573
0.208 2.15902
0.209 2.12199
0.21 2.08463
0.211 2.04695
0.212 2.00899
0.213 1.97073
0.214 1.93221
0.215 1.89343
0.216 1.8544
0.217 1.81514
0.218 1.77566
0.219 1.73598
0.22 1.69611
0.221 1.65606
0.222 1.61584
0.223 1.57547
0.224 1.53497
0.225 1.49433
0.226 1.45359
0.227 1.41275
0.228 1.37183
0.229 1.33084
0.23 1.28978
0.231 1.24869
0.232 1.20756
0.233 1.16642
0.234 1.12527
0.235 1.08413
0.236 1.04301
0.237 1.00193
0.238 0.960896
0.239 0.919924
0.24 0.879025
0.241 0.838214
0.242 0.797503
0.243 0.756905
0.244 0.716431
0.245 0.676096
0.246 0.635911
0.247 0.595888
0.248 0.55604
0.249 0.51638
0.25 0.476918
0.251 0.437667
0.252 0.398639
0.253 0.359845
0.254 0.321298
0.255 0.283008
0.256 0.244987
0.257 0.207246
0.258 0.169796
0.259 0.132647
0.26 0.0958118
0.261 0.0592995
0.262 0.0231209
0.263 0.0127137
0.264 0.0481941
0.265 0.0833105
0.266 0.118053
0.267 0.152412
0.268 0.186378
0.269 0.219942
0.27 0.253094
0.271 0.285826
0.272 0.318129
0.273 0.349995
0.274 0.381414
0.275 0.41238
0.276 0.442884
0.277 0.472918
0.278 0.502474
0.279 0.531546
0.28 0.560126
0.281 0.588207
0.282 0.615783
0.283 0.642847
0.284 0.669392
0.285 0.695413
0.286 0.720903
0.287 0.745858
0.288 0.770271
0.289 0.794137
0.29 0.817452
0.291 0.840211
0.292 0.862409
0.293 0.884041
0.294 0.905104
0.295 0.925595
0.296 0.945508
0.297 0.964841
0.298 0.983591
0.299 1.00176
0.3 1.01933
0.301 1.03631
0.302 1.0527
0.303 1.0685
0.304 1.0837
0.305 1.0983
0.306 1.1123
0.307 1.12569
0.308 1.13849
0.309 1.15068
0.31 1.16227
0.311 1.17326
0.312 1.18365
0.313 1.19343
0.314 1.20262
0.315 1.2112
0.316 1.21918
0.317 1.22656
0.318 1.23335
0.319 1.23954
0.32 1.24514
0.321 1.25014
0.322 1.25456
0.323 1.25839
0.324 1.26164
0.325 1.26431
0.326 1.2664
0.327 1.26792
0.328 1.26887
0.329 1.26926
0.33 1.26908
0.331 1.26835
0.332 1.26706
0.333 1.26522
0.334 1.26285
0.335 1.25993
0.336 1.25648
0.337 1.2525
0.338 1.24801
0.339 1.24299
0.34 1.23747
0.341 1.23145
0.342 1.22492
0.343 1.21791
0.344 1.21041
0.345 1.20244
0.346 1.19399
0.347 1.18508
0.348 1.17572
0.349 1.16591
0.35 1.15566
0.351 1.14497
0.352 1.13386
0.353 1.12233
0.354 1.1104
0.355 1.09806
0.356 1.08533
0.357 1.07222
0.358 1.05873
0.359 1.04487
0.36 1.03066
0.361 1.0161
0.362 1.00119
0.363 0.985958
0.364 0.970401
0.365 0.954531
0.366 0.938356
0.367 0.921887
0.368 0.905133
0.369 0.888102
0.37 0.870806
0.371 0.853252
0.372 0.835451
0.373 0.817412
0.374 0.799144
0.375 0.780658
0.376 0.761963
0.377 0.743069
0.378 0.723985
0.379 0.704721
0.38 0.685287
0.381 0.665692
0.382 0.645947
0.383 0.62606
0.384 0.606042
0.385 0.585902
0.386 0.565649
0.387 0.545294
0.388 0.524846
0.389 0.504314
0.39 0.483708
0.391 0.463037
0.392 0.442311
0.393 0.421539
0.394 0.400731
0.395 0.379895
0.396 0.35904
0.397 0.338177
0.398 0.317313
0.399 0.296458
0.4 0.27562
0.401 0.254808
0.402 0.234032
0.403 0.213299
0.404 0.192618
0.405 0.171997
0.406 0.151445
0.407 0.13097
0.408 0.11058
0.409 0.0902827
0.41 0.0700861
0.411 0.0499979
0.412 0.0300256
0.413 0.0101769
0.414 0.00954097
0.415 0.0291208
0.416 0.0485554
0.417 0.067838
0.418 0.0869616
0.419 0.10592
0.42 0.124705
0.421 0.143313
0.422 0.161735
0.423 0.179966
0.424 0.198001
0.425 0.215833
0.426 0.233456
0.427 0.250865
0.428 0.268056
0.429 0.285021
0.43 0.301757
0.431 0.318259
0.432 0.334521
0.433 0.35054
0.434 0.366311
0.435 0.381829
0.436 0.39709
0.437 0.412091
0.438 0.426828
0.439 0.441296
0.44 0.455494
0.441 0.469416
0.442 0.483061
0.443 0.496425
0.444 0.509506
0.445 0.5223
0.446 0.534806
0.447 0.54702
0.448 0.558941
0.449 0.570567
0.45 0.581895
0.451 0.592925
0.452 0.603655
0.453 0.614082
0.454 0.624207
0.455 0.634027
0.456 0.643543
0.457 0.652752
0.458 0.661656
0.459 0.670252
0.46 0.678541
0.461 0.686522
0.462 0.694196
0.463 0.701563
0.464 0.708622
0.465 0.715375
0.466 0.721821
0.467 0.727962
0.468 0.733798
0.469 0.73933
0.47 0.744558
0.471 0.749485
0.472 0.754112
0.473 0.758439
0.474 0.762469
0.475 0.766203
0.476 0.769643
0.477 0.772791
0.478 0.775648
0.479 0.778217
0.48 0.780501
0.481 0.7825
0.482 0.784218
0.483 0.785658
0.484 0.786821
0.485 0.787711
0.486 0.78833
0.487 0.788681
0.488 0.788768
0.489 0.788592
0.49 0.788159
0.491 0.787469
0.492 0.786528
0.493 0.785337
0.494 0.783901
0.495 0.782224
0.496 0.780308
0.497 0.778157
0.498 0.775775
0.499 0.773166
0.5 0.770334
0.501 0.767281
0.502 0.764013
0.503 0.760534
0.504 0.756846
0.505 0.752955
0.506 0.748864
0.507 0.744578
0.508 0.7401
0.509 0.735435
0.51 0.730586
0.511 0.725559
0.512 0.720358
0.513 0.714986
0.514 0.709449
0.515 0.703749
0.516 0.697893
0.517 0.691884
0.518 0.685726
0.519 0.679424
0.52 0.672982
0.521 0.666405
0.522 0.659697
0.523 0.652862
0.524 0.645906
0.525 0.638831
0.526 0.631643
0.527 0.624346
0.528 0.616945
0.529 0.609443
0.53 0.601846
0.531 0.594156
0.532 0.58638
0.533 0.578521
0.534 0.570583
0.535 0.562571
0.536 0.554488
0.537 0.54634
0.538 0.53813
0.539 0.529862
0.54 0.521542
0.541 0.513171
0.542 0.504756
0.543 0.496299
0.544 0.487806
0.545 0.479279
0.546 0.470723
0.547 0.462142
0.548 0.453539
0.549 0.444918
0.55 0.436284
0.551 0.42764
0.552 0.418989
0.553 0.410336
0.554 0.401683
0.555 0.393035
0.556 0.384395
0.557 0.375766
0.558 0.367152
0.559 0.358557
0.56 0.349983
0.561 0.341434
0.562 0.332913
0.563 0.324423
0.564 0.315967
0.565 0.307549
0.566 0.299171
0.567 0.290837
0.568 0.282549
0.569 0.27431
0.57 0.266123
0.571 0.25799
0.572 0.249915
0.573 0.2419
0.574 0.233947
0.575 0.22606
0.576 0.21824
0.577 0.210489
0.578 0.202811
0.579 0.195207
0.58 0.18768
0.581 0.180232
0.582 0.172864
0.583 0.16558
0.584 0.15838
0.585 0.151267
0.586 0.144242
0.587 0.137309
0.588 0.130467
0.589 0.123719
0.59 0.117066
0.591 0.110511
0.592 0.104053
0.593 0.0976962
0.594 0.0914402
0.595 0.0852867
0.596 0.079237
0.597 0.0732923
0.598 0.0674537
0.599 0.0617222
0.6 0.056099
0.601 0.0505848
0.602 0.0451807
0.603 0.0398873
0.604 0.0347056
0.605 0.0296362
0.606 0.0246798
0.607 0.0198369
0.608 0.0151082
0.609 0.010494
0.61 0.00599481
0.611 0.00161099
0.612 0.00265715
0.613 0.00680937
0.614 0.0108454
0.615 0.0147653
0.616 0.0185687
0.617 0.0222558
0.618 0.0258265
0.619 0.0292809
0.62 0.0326191
0.621 0.0358413
0.622 0.0389478
0.623 0.0419387
0.624 0.0448146
0.625 0.0475756
0.626 0.0502223
0.627 0.0527552
0.628 0.0551748
0.629 0.0574816
0.63 0.0596763
0.631 0.0617596
0.632 0.0637321
0.633 0.0655946
0.634 0.0673481
0.635 0.0689932
0.636 0.0705309
0.637 0.0719621
0.638 0.0732878
0.639 0.0745091
0.64 0.075627
0.641 0.0766425
0.642 0.0775569
0.643 0.0783713
0.644 0.0790869
0.645 0.0797049
0.646 0.0802267
0.647 0.0806536
0.648 0.0809869
0.649 0.081228
0.65 0.0813783
0.651 0.0814393
0.652 0.0814124
0.653 0.0812992
0.654 0.0811011
0.655 0.0808198
0.656 0.0804569
0.657 0.0800139
0.658 0.0794924
0.659 0.0788942
0.66 0.0782209
0.661 0.0774743
0.662 0.076656
0.663 0.0757677
0.664 0.0748113
0.665 0.0737886
0.666 0.0727012
0.667 0.0715511
0.668 0.07034
0.669 0.0690698
0.67 0.0677422
0.671 0.0663593
0.672 0.0649228
0.673 0.0634346
0.674 0.0618966
0.675 0.0603107
0.676 0.0586788
0.677 0.0570027
0.678 0.0552844
0.679 0.0535257
0.68 0.0517287
0.681 0.0498951
0.682 0.0480268
0.683 0.0461259
0.684 0.0441941
0.685 0.0422333
0.686 0.0402455
0.687 0.0382325
0.688 0.0361962
0.689 0.0341385
0.69 0.0320611
0.691 0.029966
0.692 0.027855
0.693 0.0257298
0.694 0.0235923
0.695 0.0214444
0.696 0.0192876
0.697 0.0171239
0.698 0.0149549
0.699 0.0127824
0.7 0.0106081
0.701 0.00843357
0.702 0.00626059
0.703 0.00409075
0.704 0.00192568
0.705 0.000233042
0.706 0.00238384
0.707 0.00452518
0.708 0.00665554
0.709 0.00877344
0.71 0.0108774
0.711 0.012966
0.712 0.0150378
0.713 0.0170915
0.714 0.0191257
0.715 0.0211391
0.716 0.0231304
0.717 0.0250984
0.718 0.0270418
0.719 0.0289595
0.72 0.0308502
0.721 0.0327129
0.722 0.0345466
0.723 0.03635
0.724 0.0381223
0.725 0.0398625
0.726 0.0415695
0.727 0.0432425
0.728 0.0448807
0.729 0.0464831
0.73 0.048049
0.731 0.0495776
0.732 0.0510683
0.733 0.0525202
0.734 0.0539327
0.735 0.0553053
0.736 0.0566374
0.737 0.0579283
0.738 0.0591777
0.739 0.060385
0.74 0.0615498
0.741 0.0626718
0.742 0.0637505
0.743 0.0647857
0.744 0.065777
0.745 0.0667243
0.746 0.0676272
0.747 0.0684858
0.748 0.0692997
0.749 0.0700689
0.75 0.0707934
0.751 0.071473
0.752 0.0721079
0.753 0.072698
0.754 0.0732434
0.755 0.0737442
0.756 0.0742006
0.757 0.0746127
0.758 0.0749806
0.759 0.0753048
0.76 0.0755853
0.761 0.0758225
0.762 0.0760166
0.763 0.0761682
0.764 0.0762774
0.765 0.0763448
0.766 0.0763707
0.767 0.0763557
0.768 0.0763001
0.769 0.0762045
0.77 0.0760694
0.771 0.0758954
0.772 0.075683
0.773 0.0754328
0.774 0.0751455
0.775 0.0748217
0.776 0.074462
0.777 0.0740671
0.778 0.0736377
0.779 0.0731745
0.78 0.0726783
0.781 0.0721497
0.782 0.0715895
0.783 0.0709986
0.784 0.0703776
0.785 0.0697273
0.786 0.0690486
0.787 0.0683424
0.788 0.0676093
0.789 0.0668502
0.79 0.066066
0.791 0.0652576
0.792 0.0644257
0.793 0.0635712
0.794 0.0626951
0.795 0.0617981
0.796 0.0608811
0.797 0.0599451
0.798 0.0589908
0.799 0.0580192
0.8 0.0570311
0.801 0.0560275
0.802 0.0550091
0.803 0.0539769
0.804 0.0529317
0.805 0.0518744
0.806 0.0508059
0.807 0.049727
0.808 0.0486385
0.809 0.0475414
0.81 0.0464364
0.811 0.0453245
0.812 0.0442063
0.813 0.0430827
0.814 0.0419547
0.815 0.0408228
0.816 0.039688
0.817 0.038551
0.818 0.0374125
0.819 0.0362734
0.82 0.0351344
0.821 0.0339962
0.822 0.0328596
0.823 0.0317252
0.824 0.0305937
0.825 0.0294659
0.826 0.0283423
0.827 0.0272237
0.828 0.0261107
0.829 0.025004
0.83 0.023904
0.831 0.0228115
0.832 0.021727
0.833 0.020651
0.834 0.0195842
0.835 0.018527
0.836 0.01748
0.837 0.0164437
0.838 0.0154186
0.839 0.0144051
0.84 0.0134037
0.841 0.0124148
0.842 0.0114388
0.843 0.0104762
0.844 0.00952741
0.845 0.0085927
0.846 0.00767248
0.847 0.00676707
0.848 0.00587681
0.849 0.00500202
0.85 0.00414298
0.851 0.00329997
0.852 0.00247327
0.853 0.00166311
0.854 0.000869739
0.855 9.33664e-05
0.856 0.0006658
0.857 0.00140757
0.858 0.00213177
0.859 0.00283823
0.86 0.00352681
0.861 0.00419738
0.862 0.00484981
0.863 0.005484
0.864 0.00609984
0.865 0.00669726
0.866 0.00727619
0.867 0.00783657
0.868 0.00837835
0.869 0.00890149
0.87 0.00940598
0.871 0.0098918
0.872 0.0103589
0.873 0.0108074
0.874 0.0112372
0.875 0.0116484
0.876 0.0120411
0.877 0.0124151
0.878 0.0127707
0.879 0.0131079
0.88 0.0134267
0.881 0.0137272
0.882 0.0140095
0.883 0.0142737
0.884 0.01452
0.885 0.0147483
0.886 0.0149589
0.887 0.0151517
0.888 0.0153271
0.889 0.015485
0.89 0.0156257
0.891 0.0157492
0.892 0.0158557
0.893 0.0159454
0.894 0.0160183
0.895 0.0160748
0.896 0.0161148
0.897 0.0161387
0.898 0.0161465
0.899 0.0161384
0.9 0.0161146
0.901 0.0160753
0.902 0.0160206
0.903 0.0159508
0.904 0.0158659
0.905 0.0157663
0.906 0.015652
0.907 0.0155233
0.908 0.0153804
0.909 0.0152234
0.91 0.0150525
0.911 0.0148679
0.912 0.0146699
0.913 0.0144586
0.914 0.0142342
0.915 0.0139969
0.916 0.0137469
0.917 0.0134844
0.918 0.0132096
0.919 0.0129227
0.92 0.0126239
0.921 0.0123134
0.922 0.0119913
0.923 0.011658
0.924 0.0113136
0.925 0.0109582
0.926 0.0105922
0.927 0.0102156
0.928 0.00982876
0.929 0.00943181
0.93 0.00902497
0.931 0.00860844
0.932 0.00818243
0.933 0.00774713
0.934 0.00730277
0.935 0.00684953
0.936 0.00638763
0.937 0.00591729
0.938 0.00543869
0.939 0.00495207
0.94 0.00445762
0.941 0.00395556
0.942 0.00344611
0.943 0.00292947
0.944 0.00240586
0.945 0.0018755
0.946 0.00133861
0.947 0.00079541
0.948 0.000246114
0.949 0.000309051
0.95 0.00086986
0.951 0.00143609
0.952 0.00200751
0.953 0.00258389
0.954 0.003165
0.955 0.0037506
0.956 0.00434046
0.957 0.00493435
0.958 0.00553202
0.959 0.00613323
0.96 0.00673774
0.961 0.0073453
0.962 0.00795566
0.963 0.00856858
0.964 0.00918379
0.965 0.00980105
0.966 0.0104201
0.967 0.0110407
0.968 0.0116625
0.969 0.0122854
0.97 0.012909
0.971 0.013533
0.972 0.0141573
0.973 0.0147815
0.974 0.0154053
0.975 0.0160285
0.976 0.0166508
0.977 0.017272
0.978 0.0178917
0.979 0.0185096
0.98 0.0191255
0.981 0.0197391
0.982 0.0203501
0.983 0.0209582
0.984 0.0215632
0.985 0.0221647
0.986 0.0227624
0.987 0.023356
0.988 0.0239454
0.989 0.0245301
0.99 0.0251098
0.991 0.0256844
0.992 0.0262534
0.993 0.0268167
0.994 0.0273738
0.995 0.0279246
0.996 0.0284687
0.997 0.0290058
0.998 0.0295357
0.999 0.030058
