0 0.927583
0.001 0.9272
0.002 0.926054
0.003 0.924143
0.004 0.92147
0.005 0.918035
0.006 0.913839
0.007 0.908884
0.008 0.903173
0.009 0.896708
0.01 0.889491
0.011 0.881526
0.012 0.872816
0.013 0.863364
0.014 0.853174
0.015 0.842252
0.016 0.830601
0.017 0.818226
0.018 0.805132
0.019 0.791326
0.02 0.776812
0.021 0.761597
0.022 0.745687
0.023 0.729089
0.024 0.711809
0.025 0.693855
0.026 0.675235
0.027 0.655956
0.028 0.636026
0.029 0.615454
0.03 0.594247
0.031 0.572415
0.032 0.549967
0.033 0.526913
0.034 0.50326
0.035 0.479021
0.036 0.454204
0.037 0.428819
0.038 0.402878
0.039 0.37639
0.04 0.349367
0.041 0.32182
0.042 0.29376
0.043 0.265198
0.044 0.236147
0.045 0.206618
0.046 0.176623
0.047 0.146174
0.048 0.115284
0.049 0.0839647
0.05 0.0522296
0.051 0.0200913
0.052 0.0124372
0.053 0.045343
0.054 0.0786127
0.055 0.112233
0.056 0.14619
0.057 0.180471
0.058 0.215062
0.059 0.249949
0.06 0.285117
0.061 0.320554
0.062 0.356245
0.063 0.392176
0.064 0.428333
0.065 0.464702
0.066 0.501268
0.067 0.538016
0.068 0.574933
0.069 0.612005
0.07 0.649216
0.071 0.686552
0.072 0.723999
0.073 0.761542
0.074 0.799167
0.075 0.836859
0.076 0.874604
0.077 0.912388
0.078 0.950195
0.079 0.988012
0.08 1.02582
0.081 1.06362
0.082 1.10138
0.083 1.13909
0.084 1.17674
0.085 1.21431
0.086 1.25179
0.087 1.28917
0.088 1.32644
0.089 1.36357
0.09 1.40055
0.091 1.43738
0.092 1.47403
0.093 1.5105
0.094 1.54677
0.095 1.58282
0.096 1.61865
0.097 1.65425
0.098 1.68959
0.099 1.72467
0.1 1.75947
0.101 1.79398
0.102 1.82819
0.103 1.86209
0.104 1.89567
0.105 1.92891
0.106 1.9618
0.107 1.99433
0.108 2.02649
0.109 2.05827
0.11 2.08965
0.111 2.12063
0.112 2.1512
0.113 2.18135
0.114 2.21106
0.115 2.24033
0.116 2.26914
0.117 2.29749
0.118 2.32536
0.119 2.35276
0.12 2.37966
0.121 2.40607
0.122 2.43196
0.123 2.45735
0.124 2.4822
0.125 2.50653
0.126 2.53031
0.127 2.55355
0.128 2.57623
0.129 2.59835
0.13 2.61991
0.131 2.64088
0.132 2.66128
0.133 2.6811
0.134 2.70031
0.135 2.71894
0.136 2.73695
0.137 2.75436
0.138 2.77116
0.139 2.78734
0.14 2.80289
0.141 2.81782
0.142 2.83212
0.143 2.84578
0.144 2.8588
0.145 2.87119
0.146 2.88293
0.147 2.89402
0.148 2.90446
0.149 2.91425
0.15 2.92339
0.151 2.93187
0.152 2.9397
0.153 2.94686
0.154 2.95337
0.155 2.95921
0.156 2.96439
0.157 2.96891
0.158 2.97277
0.159 2.97597
0.16 2.9785
0.161 2.98037
0.162 2.98158
0.163 2.98213
0.164 2.98201
0.165 2.98124
0.166 2.97982
0.167 2.97774
0.168 2.975
0.169 2.97161
0.17 2.96758
0.171 2.96289
0.172 2.95757
0.173 2.9516
0.174 2.94499
0.175 2.93775
0.176 2.92988
0.177 2.92138
0.178 2.91226
0.179 2.90252
0.18 2.89216
0.181 2.88119
0.182 2.86961
0.183 2.85743
0.184 2.84466
0.185 2.83129
0.186 2.81733
0.187 2.8028
0.188 2.78769
0.189 2.77201
0.19 2.75576
0.191 2.73896
0.192 2.7216
0.193 2.7037
0.194 2.68526
0.195 2.66629
0.196 2.64679
0.197 2.62677
0.198 2.60625
0.199 2.58521
0.2 2.56368
0.201 2.54166
0.202 2.51916
0.203 2.49619
0.204 2.47275
0.205 2.44884
0.206 2.42449
0.207 2.3997
0.208 2.37447
0.209 2.34882
0.21 2.32274
0.211 2.29626
0.212 2.26938
0.213 2.24211
0.214 2.21446
0.215 2.18643
0.216 2.15804
0.217 2.12929
0.218 2.1002
0.219 2.07077
0.22 2.04101
0.221 2.01093
0.222 1.98055
0.223 1.94986
0.224 1.91889
0.225 1.88764
0.226 1.85611
0.227 1.82433
0.228 1.79229
0.229 1.76001
0.23 1.72751
0.231 1.69478
0.232 1.66184
0.233 1.6287
0.234 1.59537
0.235 1.56186
0.236 1.52817
0.237 1.49433
0.238 1.46033
0.239 1.4262
0.24 1.39193
0.241 1.35755
0.242 1.32305
0.243 1.28846
0.244 1.25377
0.245 1.21901
0.246 1.18418
0.247 1.14928
0.248 1.11434
0.249 1.07936
0.25 1.04435
0.251 1.00932
0.252 0.974287
0.253 0.939251
0.254 0.904227
0.255 0.869224
0.256 0.834253
0.257 0.799323
0.258 0.764444
0.259 0.729626
0.26 0.694878
0.261 0.660211
0.262 0.625633
0.263 0.591155
0.264 0.556787
0.265 0.522537
0.266 0.488415
0.267 0.45443
0.268 0.420592
0.269 0.386909
0.27 0.353392
0.271 0.320048
0.272 0.286887
0.273 0.253919
0.274 0.22115
0.275 0.188591
0.276 0.15625
0.277 0.124135
0.278 0.0922544
0.279 0.0606171
0.28 0.029231
0.281 0.00189577
0.282 0.0327553
0.283 0.0633396
0.284 0.0936411
0.285 0.123652
0.286 0.153365
0.287 0.182772
0.288 0.211867
0.289 0.240642
0.29 0.26909
0.291 0.297204
0.292 0.324978
0.293 0.352405
0.294 0.379478
0.295 0.406191
0.296 0.432538
0.297 0.458512
0.298 0.484109
0.299 0.509321
0.3 0.534145
0.301 0.558573
0.302 0.5826
0.303 0.606223
0.304 0.629435
0.305 0.652231
0.306 0.674607
0.307 0.696559
0.308 0.718082
0.309 0.739172
0.31 0.759824
0.311 0.780035
0.312 0.799802
0.313 0.81912
0.314 0.837986
0.315 0.856397
0.316 0.874351
0.317 0.891843
0.318 0.908871
0.319 0.925434
0.32 0.941528
0.321 0.957151
0.322 0.972301
0.323 0.986976
0.324 1.00118
0.325 1.0149
0.326 1.02814
0.327 1.0409
0.328 1.05318
0.329 1.06498
0.33 1.0763
0.331 1.08713
0.332 1.09748
0.333 1.10734
0.334 1.11672
0.335 1.12562
0.336 1.13404
0.337 1.14197
0.338 1.14942
0.339 1.15639
0.34 1.16288
0.341 1.1689
0.342 1.17443
0.343 1.17949
0.344 1.18408
0.345 1.18819
0.346 1.19184
0.347 1.19501
0.348 1.19772
0.349 1.19997
0.35 1.20176
0.351 1.20309
0.352 1.20397
0.353 1.2044
0.354 1.20437
0.355 1.20391
0.356 1.203
0.357 1.20166
0.358 1.19988
0.359 1.19767
0.36 1.19504
0.361 1.19199
0.362 1.18852
0.363 1.18464
0.364 1.18035
0.365 1.17566
0.366 1.17057
0.367 1.16509
0.368 1.15922
0.369 1.15297
0.37 1.14634
0.371 1.13934
0.372 1.13197
0.373 1.12425
0.374 1.11616
0.375 1.10773
0.376 1.09896
0.377 1.08985
0.378 1.08041
0.379 1.07064
0.38 1.06056
0.381 1.05016
0.382 1.03946
0.383 1.02846
0.384 1.01717
0.385 1.00559
0.386 0.993732
0.387 0.981601
0.388 0.969205
0.389 0.95655
0.39 0.943643
0.391 0.930491
0.392 0.917101
0.393 0.903479
0.394 0.889634
0.395 0.875572
0.396 0.8613
0.397 0.846826
0.398 0.832156
0.399 0.817297
0.4 0.802258
0.401 0.787044
0.402 0.771664
0.403 0.756124
0.404 0.740431
0.405 0.724594
0.406 0.708619
0.407 0.692513
0.408 0.676283
0.409 0.659937
0.41 0.643482
0.411 0.626924
0.412 0.610272
0.413 0.593532
0.414 0.576711
0.415 0.559816
0.416 0.542854
0.417 0.525833
0.418 0.508759
0.419 0.491638
0.42 0.474478
0.421 0.457286
0.422 0.440068
0.423 0.422831
0.424 0.405582
0.425 0.388327
0.426 0.371072
0.427 0.353825
0.428 0.336591
0.429 0.319376
0.43 0.302188
0.431 0.285032
0.432 0.267914
0.433 0.25084
0.434 0.233817
0.435 0.21685
0.436 0.199944
0.437 0.183106
0.438 0.166341
0.439 0.149655
0.44 0.133053
0.441 0.116541
0.442 0.100123
0.443 0.0838052
0.444 0.0675923
0.445 0.0514893
0.446 0.0355012
0.447 0.0196327
0.448 0.00388844
0.449 0.0117269
0.45 0.0272089
0.451 0.0425532
0.452 0.0577554
0.453 0.0728114
0.454 0.0877171
0.455 0.102469
0.456 0.117062
0.457 0.131493
0.458 0.145759
0.459 0.159856
0.46 0.17378
0.461 0.187529
0.462 0.201098
0.463 0.214485
0.464 0.227687
0.465 0.240701
0.466 0.253523
0.467 0.266152
0.468 0.278585
0.469 0.290819
0.47 0.302852
0.471 0.314682
0.472 0.326306
0.473 0.337723
0.474 0.34893
0.475 0.359926
0.476 0.370709
0.477 0.381277
0.478 0.391629
0.479 0.401763
0.48 0.411678
0.481 0.421373
0.482 0.430847
0.483 0.440098
0.484 0.449126
0.485 0.45793
0.486 0.46651
0.487 0.474863
0.488 0.482991
0.489 0.490892
0.49 0.498567
0.491 0.506014
0.492 0.513235
0.493 0.520228
0.494 0.526994
0.495 0.533532
0.496 0.539844
0.497 0.545929
0.498 0.551788
0.499 0.557421
0.5 0.562829
0.501 0.568011
0.502 0.57297
0.503 0.577706
0.504 0.582219
0.505 0.58651
0.506 0.590581
0.507 0.594433
0.508 0.598066
0.509 0.601482
0.51 0.604682
0.511 0.607667
0.512 0.610439
0.513 0.613
0.514 0.61535
0.515 0.617492
0.516 0.619427
0.517 0.621157
0.518 0.622683
0.519 0.624007
0.52 0.625132
0.521 0.626059
0.522 0.62679
0.523 0.627326
0.524 0.627671
0.525 0.627827
0.526 0.627794
0.527 0.627577
0.528 0.627176
0.529 0.626594
0.53 0.625834
0.531 0.624898
0.532 0.623788
0.533 0.622506
0.534 0.621056
0.535 0.619439
0.536 0.617658
0.537 0.615716
0.538 0.613615
0.539 0.611358
0.54 0.608948
0.541 0.606386
0.542 0.603677
0.543 0.600822
0.544 0.597824
0.545 0.594686
0.546 0.591411
0.547 0.588002
0.548 0.584461
0.549 0.580791
0.55 0.576994
0.551 0.573075
0.552 0.569035
0.553 0.564878
0.554 0.560605
0.555 0.556221
0.556 0.551728
0.557 0.547129
0.558 0.542427
0.559 0.537624
0.56 0.532724
0.561 0.527729
0.562 0.522642
0.563 0.517467
0.564 0.512205
0.565 0.506861
0.566 0.501436
0.567 0.495934
0.568 0.490357
0.569 0.484709
0.57 0.478992
0.571 0.473209
0.572 0.467363
0.573 0.461456
0.574 0.455492
0.575 0.449473
0.576 0.443402
0.577 0.437282
0.578 0.431116
0.579 0.424905
0.58 0.418654
0.581 0.412364
0.582 0.406039
0.583 0.399681
0.584 0.393292
0.585 0.386876
0.586 0.380435
0.587 0.373971
0.588 0.367488
0.589 0.360987
0.59 0.354471
0.591 0.347942
0.592 0.341404
0.593 0.334859
0.594 0.328308
0.595 0.321755
0.596 0.315202
0.597 0.30865
0.598 0.302103
0.599 0.295563
0.6 0.289032
0.601 0.282512
0.602 0.276005
0.603 0.269514
0.604 0.263041
0.605 0.256588
0.606 0.250156
0.607 0.243749
0.608 0.237367
0.609 0.231014
0.61 0.224691
0.611 0.218399
0.612 0.212141
0.613 0.205919
0.614 0.199734
0.615 0.193589
0.616 0.187484
0.617 0.181422
0.618 0.175405
0.619 0.169434
0.62 0.16351
0.621 0.157635
0.622 0.151812
0.623 0.14604
0.624 0.140323
0.625 0.13466
0.626 0.129054
0.627 0.123506
0.628 0.118017
0.629 0.112589
0.63 0.107222
0.631 0.101919
0.632 0.0966794
0.633 0.0915052
0.634 0.0863973
0.635 0.0813569
0.636 0.0763848
0.637 0.0714822
0.638 0.0666498
0.639 0.0618887
0.64 0.0571996
0.641 0.0525834
0.642 0.0480409
0.643 0.0435728
0.644 0.0391798
0.645 0.0348626
0.646 0.0306217
0.647 0.0264579
0.648 0.0223716
0.649 0.0183633
0.65 0.0144336
0.651 0.0105828
0.652 0.0068113
0.653 0.00311953
0.654 0.000492215
0.655 0.00402366
0.656 0.00747457
0.657 0.0108447
0.658 0.0141339
0.659 0.0173421
0.66 0.0204691
0.661 0.0235149
0.662 0.0264795
0.663 0.0293628
0.664 0.032165
0.665 0.0348861
0.666 0.0375261
0.667 0.0400853
0.668 0.0425639
0.669 0.0449621
0.67 0.04728
0.671 0.0495181
0.672 0.0516765
0.673 0.0537558
0.674 0.0557561
0.675 0.0576781
0.676 0.059522
0.677 0.0612884
0.678 0.0629777
0.679 0.0645905
0.68 0.0661274
0.681 0.067589
0.682 0.0689758
0.683 0.0702885
0.684 0.0715277
0.685 0.0726942
0.686 0.0737887
0.687 0.0748119
0.688 0.0757646
0.689 0.0766476
0.69 0.0774617
0.691 0.0782078
0.692 0.0788866
0.693 0.0794991
0.694 0.0800461
0.695 0.0805287
0.696 0.0809477
0.697 0.0813041
0.698 0.0815989
0.699 0.081833
0.7 0.0820075
0.701 0.0821234
0.702 0.0821817
0.703 0.0821835
0.704 0.0821299
0.705 0.0820219
0.706 0.0818607
0.707 0.0816472
0.708 0.0813828
0.709 0.0810684
0.71 0.0807052
0.711 0.0802944
0.712 0.0798371
0.713 0.0793345
0.714 0.0787877
0.715 0.0781979
0.716 0.0775663
0.717 0.0768941
0.718 0.0761824
0.719 0.0754325
0.72 0.0746455
0.721 0.0738226
0.722 0.0729651
0.723 0.072074
0.724 0.0711507
0.725 0.0701962
0.726 0.0692119
0.727 0.0681988
0.728 0.0671582
0.729 0.0660913
0.73 0.0649991
0.731 0.063883
0.732 0.062744
0.733 0.0615834
0.734 0.0604022
0.735 0.0592017
0.736 0.057983
0.737 0.0567471
0.738 0.0554953
0.739 0.0542287
0.74 0.0529482
0.741 0.0516551
0.742 0.0503505
0.743 0.0490353
0.744 0.0477107
0.745 0.0463776
0.746 0.0450372
0.747 0.0436905
0.748 0.0423384
0.749 0.0409819
0.75 0.0396221
0.751 0.0382598
0.752 0.0368961
0.753 0.0355319
0.754 0.034168
0.755 0.0328055
0.756 0.031445
0.757 0.0300877
0.758 0.0287342
0.759 0.0273854
0.76 0.0260421
0.761 0.0247051
0.762 0.0233753
0.763 0.0220532
0.764 0.0207398
0.765 0.0194357
0.766 0.0181416
0.767 0.0168582
0.768 0.0155862
0.769 0.0143262
0.77 0.0130788
0.771 0.0118446
0.772 0.0106243
0.773 0.00941839
0.774 0.00822739
0.775 0.00705187
0.776 0.00589231
0.777 0.00474921
0.778 0.00362305
0.779 0.00251426
0.78 0.00142328
0.781 0.000350508
0.782 0.000703655
0.783 0.00173884
0.784 0.0027547
0.785 0.0037509
0.786 0.00472713
0.787 0.0056831
0.788 0.00661852
0.789 0.00753315
0.79 0.00842674
0.791 0.00929907
0.792 0.01015
0.793 0.0109792
0.794 0.0117866
0.795 0.0125721
0.796 0.0133355
0.797 0.0140767
0.798 0.0147956
0.799 0.0154921
0.8 0.0161662
0.801 0.0168178
0.802 0.0174469
0.803 0.0180534
0.804 0.0186374
0.805 0.0191988
0.806 0.0197378
0.807 0.0202543
0.808 0.0207484
0.809 0.0212202
0.81 0.0216697
0.811 0.022097
0.812 0.0225024
0.813 0.0228857
0.814 0.0232473
0.815 0.0235873
0.816 0.0239058
0.817 0.0242029
0.818 0.0244789
0.819 0.024734
0.82 0.0249683
0.821 0.025182
0.822 0.0253754
0.823 0.0255488
0.824 0.0257022
0.825 0.0258361
0.826 0.0259505
0.827 0.0260459
0.828 0.0261224
0.829 0.0261804
0.83 0.0262201
0.831 0.0262417
0.832 0.0262457
0.833 0.0262323
0.834 0.0262018
0.835 0.0261545
0.836 0.0260907
0.837 0.0260108
0.838 0.0259151
0.839 0.0258038
0.84 0.0256774
0.841 0.0255362
0.842 0.0253804
0.843 0.0252105
0.844 0.0250268
0.845 0.0248297
0.846 0.0246194
0.847 0.0243964
0.848 0.0241609
0.849 0.0239134
0.85 0.0236541
0.851 0.0233835
0.852 0.0231019
0.853 0.0228097
0.854 0.0225071
0.855 0.0221946
0.856 0.0218726
0.857 0.0215412
0.858 0.021201
0.859 0.0208523
0.86 0.0204954
0.861 0.0201307
0.862 0.0197584
0.863 0.0193791
0.864 0.0189929
0.865 0.0186003
0.866 0.0182015
0.867 0.017797
0.868 0.0173871
0.869 0.016972
0.87 0.0165521
0.871 0.0161278
0.872 0.0156994
0.873 0.0152672
0.874 0.0148314
0.875 0.0143925
0.876 0.0139507
0.877 0.0135064
0.878 0.0130597
0.879 0.0126112
0.88 0.0121609
0.881 0.0117093
0.882 0.0112566
0.883 0.0108032
0.884 0.0103492
0.885 0.00989492
0.886 0.0094407
0.887 0.00898679
0.888 0.00853345
0.889 0.00808092
0.89 0.00762948
0.891 0.00717936
0.892 0.00673083
0.893 0.00628411
0.894 0.00583944
0.895 0.00539707
0.896 0.00495722
0.897 0.00452011
0.898 0.00408596
0.899 0.00365499
0.9 0.00322741
0.901 0.00280343
0.902 0.00238325
0.903 0.00196706
0.904 0.00155506
0.905 0.00114744
0.906 0.000744373
0.907 0.000346048
0.908 4.73626e-05
0.909 0.00043569
0.91 0.000818768
0.911 0.00119644
0.912 0.00156854
0.913 0.00193492
0.914 0.00229544
0.915 0.00264995
0.916 0.00299831
0.917 0.00334039
0.918 0.00367607
0.919 0.0040052
0.92 0.00432769
0.921 0.0046434
0.922 0.00495222
0.923 0.00525406
0.924 0.0055488
0.925 0.00583636
0.926 0.00611662
0.927 0.00638952
0.928 0.00665495
0.929 0.00691284
0.93 0.00716311
0.931 0.00740569
0.932 0.00764051
0.933 0.00786751
0.934 0.00808662
0.935 0.0082978
0.936 0.00850099
0.937 0.00869614
0.938 0.00888321
0.939 0.00906217
0.94 0.00923297
0.941 0.00939559
0.942 0.00955
0.943 0.00969617
0.944 0.0098341
0.945 0.00996376
0.946 0.0100852
0.947 0.0101983
0.948 0.0103031
0.949 0.0103996
0.95 0.0104879
0.951 0.0105679
0.952 0.0106397
0.953 0.0107032
0.954 0.0107585
0.955 0.0108056
0.956 0.0108445
0.957 0.0108754
0.958 0.0108981
0.959 0.0109128
0.96 0.0109195
0.961 0.0109182
0.962 0.010909
0.963 0.010892
0.964 0.0108671
0.965 0.0108345
0.966 0.0107943
0.967 0.0107464
0.968 0.010691
0.969 0.0106282
0.97 0.010558
0.971 0.0104805
0.972 0.0103958
0.973 0.0103039
0.974 0.010205
0.975 0.0100992
0.976 0.00998653
0.977 0.00986713
0.978 0.00974108
0.979 0.0096085
0.98 0.00946949
0.981 0.00932416
0.982 0.00917263
0.983 0.00901502
0.984 0.00885143
0.985 0.008682
0.986 0.00850684
0.987 0.00832609
0.988 0.00813986
0.989 0.00794829
0.99 0.00775151
0.991 0.00754965
0.992 0.00734285
0.993 0.00713124
0.994 0.00691497
0.995 0.00669418
0.996 0.006469
0.997 0.00623958
0.998 0.00600607
0.999 0.00576861
