-3.96888 328.257
-3.8876 328.905
-3.80633 328.261
-3.72505 329.063
-3.64377 327.739
-3.56249 327.231
-3.48122 329.006
-3.39994 327.941
-3.31866 328.886
-3.23738 328.207
-3.15611 328.649
-3.07483 328.091
-2.99355 329.061
-2.91227 329.81
-2.831 328.368
-2.74972 330.659
-2.66844 331.016
-2.58716 334.515
-2.50588 339.765
-2.42461 347.525
-2.34333 357.907
-2.26205 372.645
-2.18077 388.665
-2.0995 404.642
-2.01822 418.939
-1.93694 427.329
-1.85566 432.214
-1.77439 427.545
-1.69311 420.809
-1.61183 409.957
-1.53055 394.111
-1.44928 376.944
-1.368 359.588
-1.28672 341.833
-1.20544 327.984
-1.12417 318.282
-1.04289 310.207
-0.96161 306.669
-0.88033 302.712
-0.79906 300.089
-0.71778 297.979
-0.6365 294.756
-0.55522 291.887
-0.47395 286.716
-0.39267 281.578
-0.31139 275.035
-0.23011 266.659
-0.14883 259.951
-0.06756 254.782
0.01372 251.008
0.095 252.09
0.17628 257
0.25755 262.702
0.33883 269.797
0.42011 277.491
0.50139 283.526
0.58266 288.826
0.66394 294.704
0.74522 297.682
0.8265 301.084
0.90777 302.417
0.98905 305.565
1.07033 307.762
1.15161 311.569
1.23288 318.647
1.31416 327.465
1.39544 341.852
1.47672 357.313
1.55799 374.253
1.63927 393.153
1.72055 409.487
1.80183 421.853
1.8831 428.489
1.96438 431.051
2.04566 428.735
2.12694 420.97
2.20821 407.76
2.28949 391.681
2.37077 373.446
2.45205 359.728
2.53333 348.714
2.6146 339.327
2.69588 335.419
2.77716 330.778
2.85844 330.201
2.93971 329.246
3.02099 328.203
3.10227 328.911
3.18355 328.974
3.26482 328.075
3.3461 327.904
3.42738 328.803
3.50866 327.788
3.58993 328.672
3.67121 328.697
3.75249 326.951
3.83377 328.576
3.91504 328.082
3.99632 328.154
4.0776 328.165
