0 0.928531
0.001 0.928091
0.002 0.926773
0.003 0.924576
0.004 0.921502
0.005 0.917552
0.006 0.912728
0.007 0.907031
0.008 0.900465
0.009 0.893033
0.01 0.884737
0.011 0.875581
0.012 0.865569
0.013 0.854705
0.014 0.842996
0.015 0.830444
0.016 0.817057
0.017 0.802839
0.018 0.787798
0.019 0.771939
0.02 0.75527
0.021 0.737798
0.022 0.71953
0.023 0.700475
0.024 0.680641
0.025 0.660037
0.026 0.638671
0.027 0.616554
0.028 0.593694
0.029 0.570101
0.03 0.545787
0.031 0.520762
0.032 0.495036
0.033 0.468621
0.034 0.441528
0.035 0.413769
0.036 0.385357
0.037 0.356303
0.038 0.326621
0.039 0.296323
0.04 0.265423
0.041 0.233933
0.042 0.201869
0.043 0.169242
0.044 0.136069
0.045 0.102363
0.046 0.0681393
0.047 0.033412
0.048 0.00180337
0.049 0.0374916
0.05 0.0736372
0.051 0.110225
0.052 0.147238
0.053 0.184661
0.054 0.222477
0.055 0.260671
0.056 0.299226
0.057 0.338124
0.058 0.37735
0.059 0.416887
0.06 0.456716
0.061 0.496822
0.062 0.537187
0.063 0.577793
0.064 0.618624
0.065 0.65966
0.066 0.700886
0.067 0.742283
0.068 0.783833
0.069 0.825519
0.07 0.867323
0.071 0.909227
0.072 0.951212
0.073 0.993262
0.074 1.03536
0.075 1.07748
0.076 1.11962
0.077 1.16174
0.078 1.20384
0.079 1.2459
0.08 1.2879
0.081 1.32981
0.082 1.37163
0.083 1.41334
0.084 1.45491
0.085 1.49634
0.086 1.53759
0.087 1.57866
0.088 1.61953
0.089 1.66018
0.09 1.7006
0.091 1.74076
0.092 1.78065
0.093 1.82026
0.094 1.85956
0.095 1.89854
0.096 1.93719
0.097 1.97548
0.098 2.01341
0.099 2.05095
0.1 2.08809
0.101 2.12482
0.102 2.16112
0.103 2.19698
0.104 2.23238
0.105 2.2673
0.106 2.30173
0.107 2.33566
0.108 2.36908
0.109 2.40196
0.11 2.43431
0.111 2.46609
0.112 2.49731
0.113 2.52794
0.114 2.55798
0.115 2.58742
0.116 2.61623
0.117 2.64442
0.118 2.67196
0.119 2.69886
0.12 2.72509
0.121 2.75064
0.122 2.77552
0.123 2.7997
0.124 2.82317
0.125 2.84594
0.126 2.86799
0.127 2.8893
0.128 2.90988
0.129 2.92971
0.13 2.94879
0.131 2.96711
0.132 2.98467
0.133 3.00145
0.134 3.01744
0.135 3.03266
0.136 3.04708
0.137 3.0607
0.138 3.07352
0.139 3.08554
0.14 3.09674
0.141 3.10713
0.142 3.11671
0.143 3.12546
0.144 3.13338
0.145 3.14048
0.146 3.14675
0.147 3.15219
0.148 3.1568
0.149 3.16057
0.15 3.16351
0.151 3.16561
0.152 3.16688
0.153 3.16731
0.154 3.16691
0.155 3.16568
0.156 3.16361
0.157 3.16071
0.158 3.15699
0.159 3.15243
0.16 3.14706
0.161 3.14086
0.162 3.13385
0.163 3.12602
0.164 3.11738
0.165 3.10793
0.166 3.09769
0.167 3.08664
0.168 3.07481
0.169 3.06219
0.17 3.04879
0.171 3.03461
0.172 3.01967
0.173 3.00396
0.174 2.9875
0.175 2.97029
0.176 2.95235
0.177 2.93367
0.178 2.91427
0.179 2.89415
0.18 2.87332
0.181 2.8518
0.182 2.82959
0.183 2.8067
0.184 2.78314
0.185 2.75892
0.186 2.73404
0.187 2.70853
0.188 2.68239
0.189 2.65564
0.19 2.62827
0.191 2.60031
0.192 2.57176
0.193 2.54264
0.194 2.51296
0.195 2.48273
0.196 2.45196
0.197 2.42067
0.198 2.38887
0.199 2.35656
0.2 2.32377
0.201 2.29051
0.202 2.25679
0.203 2.22261
0.204 2.18801
0.205 2.15298
0.206 2.11755
0.207 2.08172
0.208 2.04552
0.209 2.00895
0.21 1.97203
0.211 1.93478
0.212 1.8972
0.213 1.85931
0.214 1.82113
0.215 1.78267
0.216 1.74395
0.217 1.70498
0.218 1.66577
0.219 1.62634
0.22 1.58671
0.221 1.54688
0.222 1.50688
0.223 1.46672
0.224 1.42641
0.225 1.38597
0.226 1.34542
0.227 1.30476
0.228 1.26401
0.229 1.22319
0.23 1.18232
0.231 1.1414
0.232 1.10045
0.233 1.05949
0.234 1.01853
0.235 0.977588
0.236 0.936673
0.237 0.895803
0.238 0.854991
0.239 0.814252
0.24 0.773599
0.241 0.733048
0.242 0.692611
0.243 0.652303
0.244 0.612137
0.245 0.572128
0.246 0.532288
0.247 0.49263
0.248 0.453169
0.249 0.413917
0.25 0.374887
0.251 0.336092
0.252 0.297545
0.253 0.259257
0.254 0.221243
0.255 0.183513
0.256 0.146079
0.257 0.108954
0.258 0.0721496
0.259 0.0356766
0.26 0.000453324
0.261 0.0362291
0.262 0.0716399
0.263 0.106675
0.264 0.141324
0.265 0.175576
0.266 0.209421
0.267 0.242849
0.268 0.275852
0.269 0.308418
0.27 0.340539
0.271 0.372206
0.272 0.403411
0.273 0.434143
0.274 0.464396
0.275 0.494161
0.276 0.523429
0.277 0.552195
0.278 0.580449
0.279 0.608185
0.28 0.635396
0.281 0.662075
0.282 0.688216
0.283 0.713812
0.284 0.738859
0.285 0.763349
0.286 0.787277
0.287 0.81064
0.288 0.83343
0.289 0.855644
0.29 0.877278
0.291 0.898326
0.292 0.918786
0.293 0.938654
0.294 0.957925
0.295 0.976598
0.296 0.994669
0.297 1.01214
0.298 1.02899
0.299 1.04525
0.3 1.06089
0.301 1.07591
0.302 1.09033
0.303 1.10412
0.304 1.11731
0.305 1.12987
0.306 1.14182
0.307 1.15316
0.308 1.16387
0.309 1.17397
0.31 1.18346
0.311 1.19233
0.312 1.20059
0.313 1.20823
0.314 1.21526
0.315 1.22169
0.316 1.22751
0.317 1.23272
0.318 1.23734
0.319 1.24135
0.32 1.24477
0.321 1.24759
0.322 1.24983
0.323 1.25148
0.324 1.25254
0.325 1.25303
0.326 1.25295
0.327 1.2523
0.328 1.25108
0.329 1.2493
0.33 1.24697
0.331 1.24409
0.332 1.24067
0.333 1.23671
0.334 1.23221
0.335 1.22719
0.336 1.22165
0.337 1.2156
0.338 1.20904
0.339 1.20198
0.34 1.19442
0.341 1.18638
0.342 1.17786
0.343 1.16886
0.344 1.1594
0.345 1.14948
0.346 1.13912
0.347 1.12831
0.348 1.11707
0.349 1.1054
0.35 1.09331
0.351 1.08082
0.352 1.06792
0.353 1.05464
0.354 1.04096
0.355 1.02692
0.356 1.0125
0.357 0.997732
0.358 0.982612
0.359 0.967153
0.36 0.951364
0.361 0.935254
0.362 0.918832
0.363 0.902107
0.364 0.885089
0.365 0.867787
0.366 0.850211
0.367 0.83237
0.368 0.814274
0.369 0.795932
0.37 0.777354
0.371 0.75855
0.372 0.739528
0.373 0.7203
0.374 0.700874
0.375 0.68126
0.376 0.661468
0.377 0.641507
0.378 0.621388
0.379 0.60112
0.38 0.580712
0.381 0.560174
0.382 0.539517
0.383 0.518748
0.384 0.497878
0.385 0.476917
0.386 0.455874
0.387 0.434758
0.388 0.413579
0.389 0.392346
0.39 0.371068
0.391 0.349755
0.392 0.328416
0.393 0.307059
0.394 0.285695
0.395 0.264331
0.396 0.242977
0.397 0.221642
0.398 0.200334
0.399 0.179062
0.4 0.157835
0.401 0.13666
0.402 0.115547
0.403 0.0945042
0.404 0.0735388
0.405 0.0526594
0.406 0.0318738
0.407 0.0111901
0.408 0.00938416
0.409 0.0298412
0.41 0.0501736
0.411 0.0703738
0.412 0.0904347
0.413 0.110349
0.414 0.13011
0.415 0.14971
0.416 0.169143
0.417 0.188401
0.418 0.20748
0.419 0.226371
0.42 0.24507
0.421 0.263569
0.422 0.281862
0.423 0.299945
0.424 0.317811
0.425 0.335455
0.426 0.352871
0.427 0.370054
0.428 0.386999
0.429 0.403701
0.43 0.420155
0.431 0.436356
0.432 0.452301
0.433 0.467984
0.434 0.483401
0.435 0.498549
0.436 0.513423
0.437 0.528019
0.438 0.542335
0.439 0.556366
0.44 0.57011
0.441 0.583563
0.442 0.596722
0.443 0.609584
0.444 0.622147
0.445 0.634408
0.446 0.646365
0.447 0.658015
0.448 0.669357
0.449 0.680388
0.45 0.691107
0.451 0.701513
0.452 0.711603
0.453 0.721377
0.454 0.730832
0.455 0.73997
0.456 0.748787
0.457 0.757285
0.458 0.765461
0.459 0.773316
0.46 0.780849
0.461 0.788061
0.462 0.794951
0.463 0.80152
0.464 0.807767
0.465 0.813693
0.466 0.819299
0.467 0.824585
0.468 0.829553
0.469 0.834202
0.47 0.838535
0.471 0.842552
0.472 0.846254
0.473 0.849644
0.474 0.852723
0.475 0.855491
0.476 0.857953
0.477 0.860108
0.478 0.861959
0.479 0.863509
0.48 0.86476
0.481 0.865713
0.482 0.866372
0.483 0.866739
0.484 0.866817
0.485 0.866608
0.486 0.866115
0.487 0.865342
0.488 0.864291
0.489 0.862966
0.49 0.86137
0.491 0.859506
0.492 0.857377
0.493 0.854988
0.494 0.852341
0.495 0.84944
0.496 0.846289
0.497 0.842893
0.498 0.839254
0.499 0.835376
0.5 0.831264
0.501 0.826922
0.502 0.822354
0.503 0.817564
0.504 0.812555
0.505 0.807334
0.506 0.801903
0.507 0.796267
0.508 0.790431
0.509 0.784399
0.51 0.778176
0.511 0.771766
0.512 0.765173
0.513 0.758403
0.514 0.75146
0.515 0.744348
0.516 0.737073
0.517 0.729639
0.518 0.722051
0.519 0.714313
0.52 0.706431
0.521 0.698408
0.522 0.690251
0.523 0.681963
0.524 0.67355
0.525 0.665016
0.526 0.656367
0.527 0.647606
0.528 0.638739
0.529 0.629771
0.53 0.620706
0.531 0.61155
0.532 0.602306
0.533 0.592981
0.534 0.583577
0.535 0.574101
0.536 0.564558
0.537 0.55495
0.538 0.545285
0.539 0.535565
0.54 0.525796
0.541 0.515982
0.542 0.506128
0.543 0.496239
0.544 0.486318
0.545 0.476371
0.546 0.466402
0.547 0.456415
0.548 0.446414
0.549 0.436404
0.55 0.426389
0.551 0.416374
0.552 0.406362
0.553 0.396358
0.554 0.386366
0.555 0.376389
0.556 0.366432
0.557 0.356499
0.558 0.346593
0.559 0.336719
0.56 0.32688
0.561 0.317079
0.562 0.307321
0.563 0.297609
0.564 0.287946
0.565 0.278337
0.566 0.268783
0.567 0.25929
0.568 0.249859
0.569 0.240494
0.57 0.231199
0.571 0.221976
0.572 0.212829
0.573 0.203759
0.574 0.194771
0.575 0.185866
0.576 0.177048
0.577 0.16832
0.578 0.159683
0.579 0.15114
0.58 0.142694
0.581 0.134347
0.582 0.126102
0.583 0.11796
0.584 0.109923
0.585 0.101995
0.586 0.0941758
0.587 0.0864685
0.588 0.0788746
0.589 0.0713958
0.59 0.0640339
0.591 0.0567906
0.592 0.0496672
0.593 0.0426653
0.594 0.0357862
0.595 0.0290313
0.596 0.0224018
0.597 0.0158988
0.598 0.0095235
0.599 0.00327684
0.6 0.00284022
0.601 0.00882682
0.602 0.0146822
0.603 0.0204055
0.604 0.0259963
0.605 0.0314538
0.606 0.0367776
0.607 0.0419672
0.608 0.0470223
0.609 0.0519426
0.61 0.0567279
0.611 0.0613779
0.612 0.0658925
0.613 0.0702719
0.614 0.0745159
0.615 0.0786247
0.616 0.0825984
0.617 0.0864373
0.618 0.0901417
0.619 0.0937119
0.62 0.0971484
0.621 0.100452
0.622 0.103622
0.623 0.10666
0.624 0.109567
0.625 0.112343
0.626 0.114989
0.627 0.117505
0.628 0.119893
0.629 0.122154
0.63 0.124288
0.631 0.126297
0.632 0.128181
0.633 0.129943
0.634 0.131582
0.635 0.1331
0.636 0.134498
0.637 0.135778
0.638 0.136941
0.639 0.137989
0.64 0.138922
0.641 0.139742
0.642 0.140452
0.643 0.141051
0.644 0.141542
0.645 0.141927
0.646 0.142207
0.647 0.142384
0.648 0.142459
0.649 0.142434
0.65 0.142312
0.651 0.142092
0.652 0.141779
0.653 0.141373
0.654 0.140876
0.655 0.14029
0.656 0.139617
0.657 0.138859
0.658 0.138017
0.659 0.137095
0.66 0.136093
0.661 0.135014
0.662 0.133859
0.663 0.132631
0.664 0.131332
0.665 0.129963
0.666 0.128528
0.667 0.127027
0.668 0.125462
0.669 0.123837
0.67 0.122152
0.671 0.120411
0.672 0.118614
0.673 0.116765
0.674 0.114864
0.675 0.112914
0.676 0.110918
0.677 0.108877
0.678 0.106793
0.679 0.104668
0.68 0.102505
0.681 0.100305
0.682 0.0980697
0.683 0.0958019
0.684 0.0935034
0.685 0.091176
0.686 0.0888217
0.687 0.0864424
0.688 0.0840401
0.689 0.0816167
0.69 0.0791739
0.691 0.0767138
0.692 0.0742381
0.693 0.0717486
0.694 0.0692472
0.695 0.0667356
0.696 0.0642157
0.697 0.061689
0.698 0.0591574
0.699 0.0566226
0.7 0.0540861
0.701 0.0515496
0.702 0.0490148
0.703 0.0464833
0.704 0.0439565
0.705 0.041436
0.706 0.0389233
0.707 0.0364199
0.708 0.0339272
0.709 0.0314467
0.71 0.0289797
0.711 0.0265275
0.712 0.0240915
0.713 0.021673
0.714 0.0192733
0.715 0.0168934
0.716 0.0145348
0.717 0.0121984
0.718 0.00988544
0.719 0.00759702
0.72 0.00533419
0.721 0.00309796
0.722 0.000889328
0.723 0.00129074
0.724 0.00344132
0.725 0.00556153
0.726 0.0076505
0.727 0.00970741
0.728 0.0117315
0.729 0.0137219
0.73 0.0156781
0.731 0.0175992
0.732 0.0194847
0.733 0.0213339
0.734 0.0231462
0.735 0.0249211
0.736 0.026658
0.737 0.0283566
0.738 0.0300162
0.739 0.0316365
0.74 0.0332172
0.741 0.0347578
0.742 0.036258
0.743 0.0377176
0.744 0.0391362
0.745 0.0405137
0.746 0.0418499
0.747 0.0431445
0.748 0.0443975
0.749 0.0456086
0.75 0.046778
0.751 0.0479054
0.752 0.0489909
0.753 0.0500345
0.754 0.0510363
0.755 0.0519961
0.756 0.0529143
0.757 0.0537908
0.758 0.0546259
0.759 0.0554196
0.76 0.0561721
0.761 0.0568838
0.762 0.0575547
0.763 0.0581853
0.764 0.0587756
0.765 0.0593262
0.766 0.0598372
0.767 0.060309
0.768 0.060742
0.769 0.0611365
0.77 0.0614931
0.771 0.061812
0.772 0.0620938
0.773 0.0623388
0.774 0.0625476
0.775 0.0627207
0.776 0.0628585
0.777 0.0629616
0.778 0.0630305
0.779 0.0630657
0.78 0.0630679
0.781 0.0630376
0.782 0.0629753
0.783 0.0628817
0.784 0.0627574
0.785 0.0626029
0.786 0.062419
0.787 0.0622063
0.788 0.0619653
0.789 0.0616968
0.79 0.0614014
0.791 0.0610797
0.792 0.0607325
0.793 0.0603604
0.794 0.0599641
0.795 0.0595442
0.796 0.0591016
0.797 0.0586368
0.798 0.0581505
0.799 0.0576435
0.8 0.0571164
0.801 0.05657
0.802 0.056005
0.803 0.0554219
0.804 0.0548216
0.805 0.0542048
0.806 0.0535721
0.807 0.0529242
0.808 0.0522619
0.809 0.0515858
0.81 0.0508966
0.811 0.050195
0.812 0.0494817
0.813 0.0487573
0.814 0.0480226
0.815 0.0472781
0.816 0.0465246
0.817 0.0457627
0.818 0.0449931
0.819 0.0442164
0.82 0.0434332
0.821 0.0426442
0.822 0.04185
0.823 0.0410512
0.824 0.0402484
0.825 0.0394422
0.826 0.0386333
0.827 0.0378222
0.828 0.0370094
0.829 0.0361955
0.83 0.0353812
0.831 0.0345669
0.832 0.0337532
0.833 0.0329406
0.834 0.0321296
0.835 0.0313207
0.836 0.0305145
0.837 0.0297114
0.838 0.0289119
0.839 0.0281165
0.84 0.0273256
0.841 0.0265396
0.842 0.0257591
0.843 0.0249844
0.844 0.0242159
0.845 0.0234541
0.846 0.0226993
0.847 0.0219519
0.848 0.0212123
0.849 0.0204809
0.85 0.019758
0.851 0.0190439
0.852 0.0183389
0.853 0.0176434
0.854 0.0169578
0.855 0.0162821
0.856 0.0156169
0.857 0.0149622
0.858 0.0143185
0.859 0.0136858
0.86 0.0130646
0.861 0.012455
0.862 0.0118572
0.863 0.0112714
0.864 0.0106978
0.865 0.0101367
0.866 0.00958815
0.867 0.00905237
0.868 0.00852952
0.869 0.00801972
0.87 0.00752314
0.871 0.00703988
0.872 0.00657008
0.873 0.00611384
0.874 0.00567126
0.875 0.00524243
0.876 0.00482743
0.877 0.00442634
0.878 0.00403923
0.879 0.00366614
0.88 0.00330712
0.881 0.00296222
0.882 0.00263146
0.883 0.00231487
0.884 0.00201246
0.885 0.00172424
0.886 0.00145021
0.887 0.00119036
0.888 0.000944679
0.889 0.000713137
0.89 0.000495708
0.891 0.000292357
0.892 0.000103038
0.893 7.22968e-05
0.894 0.000233705
0.895 0.000381248
0.896 0.000514997
0.897 0.000635025
0.898 0.000741414
0.899 0.000834251
0.9 0.000913628
0.901 0.000979644
0.902 0.0010324
0.903 0.00107201
0.904 0.00109858
0.905 0.00111224
0.906 0.0011131
0.907 0.0011013
0.908 0.00107697
0.909 0.00104025
0.91 0.000991281
0.911 0.000930206
0.912 0.000857178
0.913 0.000772354
0.914 0.000675891
0.915 0.000567953
0.916 0.000448706
0.917 0.00031832
0.918 0.00017697
0.919 2.48327e-05
0.92 0.000137911
0.921 0.000311078
0.922 0.000494481
0.923 0.000687929
0.924 0.000891229
0.925 0.00110419
0.926 0.0013266
0.927 0.00155827
0.928 0.00179899
0.929 0.00204856
0.93 0.00230677
0.931 0.00257339
0.932 0.00284823
0.933 0.00313107
0.934 0.00342168
0.935 0.00371985
0.936 0.00402536
0.937 0.00433797
0.938 0.00465748
0.939 0.00498364
0.94 0.00531623
0.941 0.00565502
0.942 0.00599978
0.943 0.00635027
0.944 0.00670626
0.945 0.00706752
0.946 0.0074338
0.947 0.00780487
0.948 0.00818049
0.949 0.00856042
0.95 0.00894441
0.951 0.00933224
0.952 0.00972364
0.953 0.0101184
0.954 0.0105162
0.955 0.0109169
0.956 0.0113203
0.957 0.0117259
0.958 0.0121337
0.959 0.0125434
0.96 0.0129547
0.961 0.0133674
0.962 0.0137812
0.963 0.0141959
0.964 0.0146113
0.965 0.0150271
0.966 0.015443
0.967 0.0158589
0.968 0.0162744
0.969 0.0166894
0.97 0.0171036
0.971 0.0175168
0.972 0.0179286
0.973 0.018339
0.974 0.0187475
0.975 0.0191541
0.976 0.0195585
0.977 0.0199604
0.978 0.0203597
0.979 0.020756
0.98 0.0211492
0.981 0.021539
0.982 0.0219253
0.983 0.0223077
0.984 0.0226861
0.985 0.0230602
0.986 0.02343
0.987 0.023795
0.988 0.0241552
0.989 0.0245103
0.99 0.0248601
0.991 0.0252044
0.992 0.025543
0.993 0.0258758
0.994 0.0262025
0.995 0.026523
0.996 0.026837
0.997 0.0271445
0.998 0.0274451
0.999 0.0277388
