0 2.94461
0.001 2.94409
0.002 2.94256
0.003 2.93999
0.004 2.9364
0.005 2.93179
0.006 2.92616
0.007 2.91951
0.008 2.91184
0.009 2.90317
0.01 2.89348
0.011 2.88279
0.012 2.87109
0.013 2.8584
0.014 2.84472
0.015 2.83005
0.016 2.81441
0.017 2.79778
0.018 2.7802
0.019 2.76165
0.02 2.74215
0.021 2.72171
0.022 2.70033
0.023 2.67803
0.024 2.6548
0.025 2.63067
0.026 2.60564
0.027 2.57972
0.028 2.55292
0.029 2.52525
0.03 2.49673
0.031 2.46736
0.032 2.43715
0.033 2.40613
0.034 2.3743
0.035 2.34167
0.036 2.30825
0.037 2.27407
0.038 2.23913
0.039 2.20345
0.04 2.16704
0.041 2.12992
0.042 2.0921
0.043 2.0536
0.044 2.01443
0.045 1.9746
0.046 1.93414
0.047 1.89306
0.048 1.85137
0.049 1.8091
0.05 1.76625
0.051 1.72286
0.052 1.67892
0.053 1.63447
0.054 1.58951
0.055 1.54407
0.056 1.49816
0.057 1.4518
0.058 1.40502
0.059 1.35782
0.06 1.31023
0.061 1.26226
0.062 1.21394
0.063 1.16528
0.064 1.1163
0.065 1.06702
0.066 1.01747
0.067 0.967648
0.068 0.917589
0.069 0.867308
0.07 0.816823
0.071 0.766156
0.072 0.715324
0.073 0.664349
0.074 0.613248
0.075 0.562043
0.076 0.510751
0.077 0.459393
0.078 0.407989
0.079 0.356558
0.08 0.305119
0.081 0.253692
0.082 0.202296
0.083 0.15095
0.084 0.0996743
0.085 0.0484875
0.086 0.00259118
0.087 0.0535428
0.088 0.104348
0.089 0.154989
0.09 0.205446
0.091 0.255701
0.092 0.305736
0.093 0.355531
0.094 0.40507
0.095 0.454333
0.096 0.503303
0.097 0.551963
0.098 0.600294
0.099 0.64828
0.1 0.695903
0.101 0.743146
0.102 0.789993
0.103 0.836427
0.104 0.882432
0.105 0.927991
0.106 0.973089
0.107 1.01771
0.108 1.06184
0.109 1.10546
0.11 1.14856
0.111 1.19112
0.112 1.23313
0.113 1.27457
0.114 1.31544
0.115 1.35571
0.116 1.39538
0.117 1.43442
0.118 1.47284
0.119 1.51061
0.12 1.54772
0.121 1.58417
0.122 1.61994
0.123 1.65501
0.124 1.68939
0.125 1.72305
0.126 1.75599
0.127 1.7882
0.128 1.81967
0.129 1.85038
0.13 1.88034
0.131 1.90953
0.132 1.93794
0.133 1.96557
0.134 1.99241
0.135 2.01845
0.136 2.04368
0.137 2.06811
0.138 2.09172
0.139 2.1145
0.14 2.13646
0.141 2.15758
0.142 2.17786
0.143 2.19731
0.144 2.21591
0.145 2.23365
0.146 2.25055
0.147 2.26659
0.148 2.28178
0.149 2.29611
0.15 2.30957
0.151 2.32217
0.152 2.33391
0.153 2.34479
0.154 2.35481
0.155 2.36396
0.156 2.37224
0.157 2.37967
0.158 2.38624
0.159 2.39194
0.16 2.39679
0.161 2.40079
0.162 2.40393
0.163 2.40622
0.164 2.40767
0.165 2.40828
0.166 2.40805
0.167 2.40698
0.168 2.40509
0.169 2.40237
0.17 2.39883
0.171 2.39448
0.172 2.38933
0.173 2.38337
0.174 2.37662
0.175 2.36908
0.176 2.36076
0.177 2.35167
0.178 2.34182
0.179 2.33121
0.18 2.31984
0.181 2.30774
0.182 2.29491
0.183 2.28136
0.184 2.2671
0.185 2.25213
0.186 2.23647
0.187 2.22012
0.188 2.20311
0.189 2.18543
0.19 2.1671
0.191 2.14813
0.192 2.12853
0.193 2.10832
0.194 2.0875
0.195 2.06609
0.196 2.04409
0.197 2.02153
0.198 1.99841
0.199 1.97474
0.2 1.95054
0.201 1.92583
0.202 1.90061
0.203 1.87489
0.204 1.8487
0.205 1.82204
0.206 1.79493
0.207 1.76738
0.208 1.7394
0.209 1.71102
0.21 1.68224
0.211 1.65307
0.212 1.62354
0.213 1.59365
0.214 1.56343
0.215 1.53287
0.216 1.50201
0.217 1.47085
0.218 1.43941
0.219 1.4077
0.22 1.37574
0.221 1.34354
0.222 1.31112
0.223 1.27849
0.224 1.24566
0.225 1.21266
0.226 1.17948
0.227 1.14616
0.228 1.11271
0.229 1.07913
0.23 1.04545
0.231 1.01167
0.232 0.977817
0.233 0.9439
0.234 0.909934
0.235 0.875934
0.236 0.841913
0.237 0.807885
0.238 0.773865
0.239 0.739867
0.24 0.705904
0.241 0.67199
0.242 0.638139
0.243 0.604364
0.244 0.570679
0.245 0.537096
0.246 0.50363
0.247 0.470292
0.248 0.437096
0.249 0.404054
0.25 0.37118
0.251 0.338485
0.252 0.305981
0.253 0.273682
0.254 0.241598
0.255 0.209741
0.256 0.178123
0.257 0.146756
0.258 0.11565
0.259 0.0848161
0.26 0.0542657
0.261 0.0240092
0.262 0.00594304
0.263 0.0355808
0.264 0.0648942
0.265 0.0938733
0.266 0.122509
0.267 0.150791
0.268 0.178711
0.269 0.206259
0.27 0.233428
0.271 0.260209
0.272 0.286593
0.273 0.312573
0.274 0.33814
0.275 0.363287
0.276 0.388008
0.277 0.412294
0.278 0.436139
0.279 0.459537
0.28 0.482481
0.281 0.504965
0.282 0.526983
0.283 0.54853
0.284 0.569601
0.285 0.59019
0.286 0.610292
0.287 0.629904
0.288 0.64902
0.289 0.667636
0.29 0.685749
0.291 0.703356
0.292 0.720452
0.293 0.737035
0.294 0.753102
0.295 0.76865
0.296 0.783677
0.297 0.798182
0.298 0.812161
0.299 0.825614
0.3 0.83854
0.301 0.850936
0.302 0.862803
0.303 0.87414
0.304 0.884946
0.305 0.895221
0.306 0.904965
0.307 0.91418
0.308 0.922864
0.309 0.93102
0.31 0.938648
0.311 0.94575
0.312 0.952326
0.313 0.95838
0.314 0.963911
0.315 0.968924
0.316 0.97342
0.317 0.977401
0.318 0.980872
0.319 0.983833
0.32 0.98629
0.321 0.988245
0.322 0.989701
0.323 0.990663
0.324 0.991135
0.325 0.991121
0.326 0.990624
0.327 0.989651
0.328 0.988204
0.329 0.98629
0.33 0.983914
0.331 0.98108
0.332 0.977794
0.333 0.974062
0.334 0.969888
0.335 0.96528
0.336 0.960243
0.337 0.954784
0.338 0.948908
0.339 0.942621
0.34 0.935932
0.341 0.928845
0.342 0.921369
0.343 0.913509
0.344 0.905274
0.345 0.89667
0.346 0.887703
0.347 0.878383
0.348 0.868716
0.349 0.858709
0.35 0.848371
0.351 0.837709
0.352 0.826731
0.353 0.815444
0.354 0.803857
0.355 0.791978
0.356 0.779814
0.357 0.767374
0.358 0.754666
0.359 0.741699
0.36 0.72848
0.361 0.715018
0.362 0.70132
0.363 0.687397
0.364 0.673255
0.365 0.658904
0.366 0.644352
0.367 0.629607
0.368 0.614678
0.369 0.599573
0.37 0.584301
0.371 0.56887
0.372 0.553289
0.373 0.537567
0.374 0.521711
0.375 0.50573
0.376 0.489632
0.377 0.473427
0.378 0.457122
0.379 0.440726
0.38 0.424246
0.381 0.407692
0.382 0.391072
0.383 0.374393
0.384 0.357664
0.385 0.340892
0.386 0.324087
0.387 0.307255
0.388 0.290405
0.389 0.273545
0.39 0.256682
0.391 0.239824
0.392 0.222978
0.393 0.206153
0.394 0.189355
0.395 0.172592
0.396 0.155871
0.397 0.1392
0.398 0.122585
0.399 0.106034
0.4 0.0895524
0.401 0.0731486
0.402 0.0568285
0.403 0.040599
0.404 0.0244663
0.405 0.00843706
0.406 0.00748264
0.407 0.0232866
0.408 0.0389688
0.409 0.0545232
0.41 0.0699441
0.411 0.0852259
0.412 0.100363
0.413 0.11535
0.414 0.130181
0.415 0.144851
0.416 0.159356
0.417 0.17369
0.418 0.187849
0.419 0.201827
0.42 0.21562
0.421 0.229225
0.422 0.242636
0.423 0.255849
0.424 0.268861
0.425 0.281667
0.426 0.294265
0.427 0.306649
0.428 0.318817
0.429 0.330765
0.43 0.342491
0.431 0.353991
0.432 0.365262
0.433 0.376302
0.434 0.387107
0.435 0.397676
0.436 0.408005
0.437 0.418094
0.438 0.427939
0.439 0.437539
0.44 0.446891
0.441 0.455995
0.442 0.464848
0.443 0.47345
0.444 0.481798
0.445 0.489893
0.446 0.497732
0.447 0.505315
0.448 0.512641
0.449 0.519709
0.45 0.52652
0.451 0.533072
0.452 0.539366
0.453 0.545401
0.454 0.551177
0.455 0.556694
0.456 0.561954
0.457 0.566955
0.458 0.571699
0.459 0.576186
0.46 0.580417
0.461 0.584392
0.462 0.588113
0.463 0.591581
0.464 0.594797
0.465 0.597761
0.466 0.600477
0.467 0.602944
0.468 0.605165
0.469 0.607141
0.47 0.608874
0.471 0.610366
0.472 0.611619
0.473 0.612634
0.474 0.613415
0.475 0.613963
0.476 0.614281
0.477 0.614371
0.478 0.614236
0.479 0.613877
0.48 0.613299
0.481 0.612503
0.482 0.611492
0.483 0.610269
0.484 0.608838
0.485 0.607201
0.486 0.605361
0.487 0.603321
0.488 0.601084
0.489 0.598655
0.49 0.596036
0.491 0.59323
0.492 0.59024
0.493 0.587072
0.494 0.583727
0.495 0.580209
0.496 0.576522
0.497 0.57267
0.498 0.568657
0.499 0.564485
0.5 0.560159
0.501 0.555682
0.502 0.551059
0.503 0.546292
0.504 0.541387
0.505 0.536347
0.506 0.531175
0.507 0.525876
0.508 0.520453
0.509 0.514911
0.51 0.509253
0.511 0.503484
0.512 0.497607
0.513 0.491626
0.514 0.485546
0.515 0.47937
0.516 0.473102
0.517 0.466747
0.518 0.460307
0.519 0.453788
0.52 0.447193
0.521 0.440526
0.522 0.433791
0.523 0.426992
0.524 0.420132
0.525 0.413216
0.526 0.406248
0.527 0.399231
0.528 0.392169
0.529 0.385067
0.53 0.377926
0.531 0.370753
0.532 0.36355
0.533 0.35632
0.534 0.349068
0.535 0.341797
0.536 0.334511
0.537 0.327213
0.538 0.319907
0.539 0.312596
0.54 0.305283
0.541 0.297973
0.542 0.290668
0.543 0.283372
0.544 0.276087
0.545 0.268818
0.546 0.261567
0.547 0.254337
0.548 0.247132
0.549 0.239954
0.55 0.232807
0.551 0.225693
0.552 0.218615
0.553 0.211576
0.554 0.204579
0.555 0.197626
0.556 0.19072
0.557 0.183864
0.558 0.17706
0.559 0.17031
0.56 0.163618
0.561 0.156985
0.562 0.150413
0.563 0.143905
0.564 0.137464
0.565 0.13109
0.566 0.124787
0.567 0.118556
0.568 0.112399
0.569 0.106318
0.57 0.100314
0.571 0.0943902
0.572 0.0885475
0.573 0.0827875
0.574 0.0771119
0.575 0.0715221
0.576 0.0660195
0.577 0.0606056
0.578 0.0552815
0.579 0.0500487
0.58 0.0449082
0.581 0.0398611
0.582 0.0349086
0.583 0.0300516
0.584 0.025291
0.585 0.0206278
0.586 0.0160627
0.587 0.0115965
0.588 0.00722988
0.589 0.00296351
0.59 0.00120206
0.591 0.00526631
0.592 0.00922876
0.593 0.013089
0.594 0.0168468
0.595 0.0205017
0.596 0.0240535
0.597 0.0275021
0.598 0.0308474
0.599 0.0340892
0.6 0.0372275
0.601 0.0402625
0.602 0.0431941
0.603 0.0460225
0.604 0.0487479
0.605 0.0513706
0.606 0.0538908
0.607 0.0563088
0.608 0.0586251
0.609 0.06084
0.61 0.0629541
0.611 0.0649679
0.612 0.0668819
0.613 0.0686968
0.614 0.0704132
0.615 0.0720317
0.616 0.0735532
0.617 0.0749783
0.618 0.076308
0.619 0.0775431
0.62 0.0786843
0.621 0.0797328
0.622 0.0806894
0.623 0.0815551
0.624 0.0823309
0.625 0.083018
0.626 0.0836174
0.627 0.0841301
0.628 0.0845575
0.629 0.0849006
0.63 0.0851606
0.631 0.0853388
0.632 0.0854365
0.633 0.0854549
0.634 0.0853953
0.635 0.085259
0.636 0.0850475
0.637 0.0847621
0.638 0.0844041
0.639 0.083975
0.64 0.0834762
0.641 0.0829091
0.642 0.0822753
0.643 0.0815761
0.644 0.0808131
0.645 0.0799878
0.646 0.0791017
0.647 0.0781562
0.648 0.077153
0.649 0.0760936
0.65 0.0749795
0.651 0.0738123
0.652 0.0725936
0.653 0.0713249
0.654 0.0700078
0.655 0.0686438
0.656 0.0672347
0.657 0.0657818
0.658 0.064287
0.659 0.0627516
0.66 0.0611773
0.661 0.0595657
0.662 0.0579184
0.663 0.0562369
0.664 0.0545228
0.665 0.0527777
0.666 0.0510031
0.667 0.0492007
0.668 0.0473719
0.669 0.0455183
0.67 0.0436415
0.671 0.0417429
0.672 0.0398241
0.673 0.0378866
0.674 0.0359319
0.675 0.0339614
0.676 0.0319767
0.677 0.0299792
0.678 0.0279703
0.679 0.0259515
0.68 0.0239242
0.681 0.0218899
0.682 0.0198498
0.683 0.0178053
0.684 0.0157579
0.685 0.0137088
0.686 0.0116594
0.687 0.0096109
0.688 0.0075647
0.689 0.005522
0.69 0.00348407
0.691 0.00145211
0.692 0.000572667
0.693 0.00258907
0.694 0.00459595
0.695 0.00659216
0.696 0.00857658
0.697 0.0105481
0.698 0.0125057
0.699 0.0144482
0.7 0.0163748
0.701 0.0182842
0.702 0.0201757
0.703 0.0220481
0.704 0.0239006
0.705 0.0257323
0.706 0.0275422
0.707 0.0293296
0.708 0.0310935
0.709 0.0328331
0.71 0.0345477
0.711 0.0362366
0.712 0.0378988
0.713 0.0395338
0.714 0.0411409
0.715 0.0427193
0.716 0.0442685
0.717 0.0457878
0.718 0.0472766
0.719 0.0487344
0.72 0.0501606
0.721 0.0515547
0.722 0.0529163
0.723 0.0542448
0.724 0.0555397
0.725 0.0568008
0.726 0.0580276
0.727 0.0592197
0.728 0.0603768
0.729 0.0614986
0.73 0.0625848
0.731 0.063635
0.732 0.0646491
0.733 0.0656268
0.734 0.066568
0.735 0.0674724
0.736 0.06834
0.737 0.0691705
0.738 0.0699638
0.739 0.0707199
0.74 0.0714388
0.741 0.0721203
0.742 0.0727645
0.743 0.0733713
0.744 0.0739408
0.745 0.074473
0.746 0.074968
0.747 0.0754259
0.748 0.0758468
0.749 0.0762307
0.75 0.0765779
0.751 0.0768885
0.752 0.0771626
0.753 0.0774006
0.754 0.0776025
0.755 0.0777687
0.756 0.0778993
0.757 0.0779948
0.758 0.0780552
0.759 0.078081
0.76 0.0780725
0.761 0.07803
0.762 0.0779538
0.763 0.0778443
0.764 0.0777019
0.765 0.077527
0.766 0.07732
0.767 0.0770813
0.768 0.0768114
0.769 0.0765106
0.77 0.0761794
0.771 0.0758184
0.772 0.075428
0.773 0.0750086
0.774 0.0745608
0.775 0.0740851
0.776 0.073582
0.777 0.0730521
0.778 0.0724958
0.779 0.0719138
0.78 0.0713066
0.781 0.0706747
0.782 0.0700187
0.783 0.0693393
0.784 0.0686369
0.785 0.0679122
0.786 0.0671658
0.787 0.0663982
0.788 0.0656101
0.789 0.0648021
0.79 0.0639748
0.791 0.0631289
0.792 0.0622649
0.793 0.0613834
0.794 0.0604852
0.795 0.0595708
0.796 0.0586409
0.797 0.057696
0.798 0.0567369
0.799 0.0557642
0.8 0.0547785
0.801 0.0537804
0.802 0.0527706
0.803 0.0517497
0.804 0.0507184
0.805 0.0496773
0.806 0.048627
0.807 0.0475682
0.808 0.0465014
0.809 0.0454274
0.81 0.0443467
0.811 0.0432599
0.812 0.0421677
0.813 0.0410707
0.814 0.0399695
0.815 0.0388647
0.816 0.0377569
0.817 0.0366467
0.818 0.0355347
0.819 0.0344214
0.82 0.0333076
0.821 0.0321936
0.822 0.0310802
0.823 0.0299678
0.824 0.028857
0.825 0.0277484
0.826 0.0266425
0.827 0.0255399
0.828 0.024441
0.829 0.0233464
0.83 0.0222566
0.831 0.0211722
0.832 0.0200935
0.833 0.0190212
0.834 0.0179556
0.835 0.0168972
0.836 0.0158466
0.837 0.0148041
0.838 0.0137703
0.839 0.0127454
0.84 0.0117301
0.841 0.0107246
0.842 0.00972946
0.843 0.00874498
0.844 0.00777159
0.845 0.00680965
0.846 0.00585954
0.847 0.00492162
0.848 0.00399622
0.849 0.00308371
0.85 0.00218439
0.851 0.00129859
0.852 0.00042661
0.853 0.000431243
0.854 0.00127469
0.855 0.00210344
0.856 0.00291725
0.857 0.00371584
0.858 0.00449899
0.859 0.00526644
0.86 0.00601798
0.861 0.0067534
0.862 0.00747249
0.863 0.00817506
0.864 0.00886092
0.865 0.00952991
0.866 0.0101819
0.867 0.0108166
0.868 0.011434
0.869 0.012034
0.87 0.0126164
0.871 0.0131811
0.872 0.013728
0.873 0.014257
0.874 0.0147681
0.875 0.0152611
0.876 0.0157361
0.877 0.0161928
0.878 0.0166314
0.879 0.0170518
0.88 0.017454
0.881 0.0178379
0.882 0.0182035
0.883 0.0185509
0.884 0.0188801
0.885 0.019191
0.886 0.0194838
0.887 0.0197584
0.888 0.020015
0.889 0.0202535
0.89 0.020474
0.891 0.0206767
0.892 0.0208615
0.893 0.0210287
0.894 0.0211782
0.895 0.0213102
0.896 0.0214248
0.897 0.0215221
0.898 0.0216023
0.899 0.0216655
0.9 0.0217117
0.901 0.0217413
0.902 0.0217543
0.903 0.0217509
0.904 0.0217312
0.905 0.0216955
0.906 0.0216439
0.907 0.0215766
0.908 0.0214937
0.909 0.0213956
0.91 0.0212823
0.911 0.0211542
0.912 0.0210113
0.913 0.020854
0.914 0.0206824
0.915 0.0204968
0.916 0.0202974
0.917 0.0200844
0.918 0.0198581
0.919 0.0196187
0.92 0.0193664
0.921 0.0191016
0.922 0.0188244
0.923 0.0185352
0.924 0.0182341
0.925 0.0179214
0.926 0.0175975
0.927 0.0172625
0.928 0.0169167
0.929 0.0165605
0.93 0.016194
0.931 0.0158175
0.932 0.0154314
0.933 0.0150358
0.934 0.0146312
0.935 0.0142177
0.936 0.0137956
0.937 0.0133652
0.938 0.0129269
0.939 0.0124808
0.94 0.0120273
0.941 0.0115666
0.942 0.0110991
0.943 0.0106249
0.944 0.0101445
0.945 0.00965799
0.946 0.00916578
0.947 0.00866811
0.948 0.00816525
0.949 0.00765749
0.95 0.00714511
0.951 0.00662838
0.952 0.00610759
0.953 0.005583
0.954 0.00505489
0.955 0.00452354
0.956 0.00398921
0.957 0.00345217
0.958 0.00291268
0.959 0.00237102
0.96 0.00182745
0.961 0.00128222
0.962 0.000735595
0.963 0.00018783
0.964 0.000360822
0.965 0.00091011
0.966 0.00145979
0.967 0.0020096
0.968 0.00255932
0.969 0.0031087
0.97 0.00365751
0.971 0.0042055
0.972 0.00475245
0.973 0.00529813
0.974 0.00584233
0.975 0.0063848
0.976 0.00692535
0.977 0.00746375
0.978 0.0079998
0.979 0.00853328
0.98 0.009064
0.981 0.00959174
0.982 0.0101163
0.983 0.0106376
0.984 0.0111552
0.985 0.0116692
0.986 0.0121792
0.987 0.0126852
0.988 0.0131868
0.989 0.0136841
0.99 0.0141767
0.991 0.0146646
0.992 0.0151475
0.993 0.0156254
0.994 0.016098
0.995 0.0165653
0.996 0.017027
0.997 0.0174831
0.998 0.0179334
0.999 0.0183778
