-5.16886 332.859
-5.0641 334.001
-4.95934 332.564
-4.85458 333.434
-4.74982 332.66
-4.64506 333.294
-4.5403 333.056
-4.43554 333.762
-4.33078 333.011
-4.22602 333.603
-4.12127 333.495
-4.01651 332.751
-3.91175 333.948
-3.80699 333.472
-3.70223 333.088
-3.59747 333.436
-3.49271 333.508
-3.38795 333.272
-3.28319 333.845
-3.17843 334.506
-3.07367 334.291
-2.96891 336.823
-2.86415 340.087
-2.75939 349.621
-2.65463 361.831
-2.54987 383.722
-2.44511 404.438
-2.34035 422.742
-2.23559 428.168
-2.13083 423.337
-2.02608 413.57
-1.92132 400.87
-1.81656 383.904
-1.7118 364.991
-1.60704 347.844
-1.50228 339.362
-1.39752 333.253
-1.29276 333.032
-1.188 332.008
-1.08324 331.396
-0.97848 329.287
-0.87372 323.278
-0.76896 313.947
-0.6642 303.208
-0.55944 291.885
-0.45468 282.126
-0.34992 269.28
-0.24516 251.238
-0.1404 227.985
-0.03564 211.063
0.06911 210.125
0.17387 226.344
0.27863 250.026
0.38339 268.316
0.48815 281.243
0.59291 291.11
0.69767 301.434
0.80243 313.143
0.90719 322.729
1.01195 328.378
1.11671 331.741
1.22147 332.08
1.32623 333.019
1.43099 334.164
1.53575 338.435
1.64051 346.663
1.74527 362.812
1.85003 382.277
1.95479 398.849
2.05955 412.89
2.1643 423.772
2.26906 428.355
2.37382 423.243
2.47858 407.542
2.58334 385.036
2.6881 365.478
2.79286 349.309
2.89762 341.143
3.00238 336.588
3.10714 334.913
3.2119 333.976
3.31666 333.528
3.42142 333.346
3.52618 334.306
3.63094 333.332
3.7357 333.575
3.84046 333.354
3.94522 334.059
4.04998 332.496
4.15474 333.547
4.25949 333.628
4.36425 333.178
4.46901 332.716
4.57377 333.452
4.67853 333.078
4.78326 333.518
4.88806 332.56
4.99286 333.404
5.09756 333.312
5.20236 332.812
