#form factor calculations
#
# 200 bins for density calculation at every time step
# form factor averged over time steps 
#
# 21.9.2021 by R.Nencini
# POPC 40 % cholesterol
# simulations from http://doi.org/10.5281/zenodo.61992
#
# q ;  FF(q) ; error of mean over time steps
  0.0000  35.78703333 1.13630825
  0.0010  35.75121118 1.13677165
  0.0020  35.64376410 1.13816337
  0.0030  35.46475027 1.14048792
  0.0040  35.21426658 1.14375288
  0.0050  34.89244861 1.14796891
  0.0060  34.49947057 1.15314985
  0.0070  34.03554517 1.15931280
  0.0080  33.50092353 1.16647823
  0.0090  32.89589505 1.17467010
  0.0100  32.22078722 1.18391605
  0.0110  31.47596549 1.19424755
  0.0120  30.66183306 1.20570014
  0.0130  29.77883064 1.21831360
  0.0140  28.82743626 1.23213227
  0.0150  27.80816501 1.24720528
  0.0160  26.72156879 1.26358684
  0.0170  25.56823602 1.28133656
  0.0180  24.34879141 1.30051969
  0.0190  23.06389565 1.32120743
  0.0200  21.71424517 1.34347704
  0.0210  20.30057197 1.36741189
  0.0220  18.82364346 1.39310105
  0.0230  17.28426251 1.42063843
  0.0240  15.68326778 1.45012053
  0.0250  14.02153475 1.48164198
  0.0260  12.29997796 1.51528594
  0.0270  10.51955651 1.55110309
  0.0280  8.68128751 1.58906172
  0.0290  6.78628467 1.62891309
  0.0300  4.83589579 1.66974999
  0.0310  2.83244479 1.70802505
  0.0320  0.79182202 1.73113366
  0.0330  1.36420047 -1.94344843
  0.0340  3.51927148 -1.93858845
  0.0350  5.73202770 -1.99109690
  0.0360  7.99527822 -2.05609939
  0.0370  10.30697159 -2.12900639
  0.0380  12.66561931 -2.20894665
  0.0390  15.06985328 -2.29593215
  0.0400  17.51833136 -2.39029866
  0.0410  20.00970902 -2.49254253
  0.0420  22.54262911 -2.60325886
  0.0430  25.11571785 -2.72311029
  0.0440  27.72758325 -2.85280381
  0.0450  30.37681465 -2.99306549
  0.0460  33.06198285 -3.14460660
  0.0470  35.78164052 -3.30807545
  0.0480  38.53432270 -3.48398837
  0.0490  41.31854750 -3.67263308
  0.0500  44.13281681 -3.87393715
  0.0510  46.97561708 -4.08729597
  0.0520  49.84542009 -4.31135981
  0.0530  52.74068376 -4.54378968
  0.0540  55.65985302 -4.78101051
  0.0550  58.60136064 -5.01801686
  0.0560  61.56362809 -5.24831684
  0.0570  64.54506641 -5.46412032
  0.0580  67.54407707 -5.65686418
  0.0590  70.55905290 -5.81809586
  0.0600  73.58837894 -5.94060505
  0.0610  76.63043336 -6.01954796
  0.0620  79.68358834 -6.05323577
  0.0630  82.74621099 -6.04333254
  0.0640  85.81666428 -5.99441197
  0.0650  88.89330788 -5.91304906
  0.0660  91.97449915 -5.80674749
  0.0670  95.05859402 -5.68298240
  0.0680  98.14394790 -5.54852139
  0.0690  101.22891657 -5.40905681
  0.0700  104.31185717 -5.26909563
  0.0710  107.39112902 -5.13202099
  0.0720  110.46509461 -5.00024429
  0.0730  113.53212045 -4.87538868
  0.0740  116.59057800 -4.75846800
  0.0750  119.63884458 -4.65004310
  0.0760  122.67530423 -4.55034983
  0.0770  125.69834867 -4.45939895
  0.0780  128.70637813 -4.37705167
  0.0790  131.69780223 -4.30307529
  0.0800  134.67104091 -4.23718316
  0.0810  137.62452525 -4.17906296
  0.0820  140.55669835 -4.12839609
  0.0830  143.46601620 -4.08487075
  0.0840  146.35094848 -4.04819032
  0.0850  149.20997946 -4.01807853
  0.0860  152.04160876 -3.99428225
  0.0870  154.84435224 -3.97657274
  0.0880  157.61674275 -3.96474562
  0.0890  160.35733095 -3.95862023
  0.0900  163.06468608 -3.95803827
  0.0910  165.73739678 -3.96286212
  0.0920  168.37407178 -3.97297283
  0.0930  170.97334070 -3.98826780
  0.0940  173.53385478 -4.00865827
  0.0950  176.05428758 -4.03406644
  0.0960  178.53333569 -4.06442243
  0.0970  180.96971944 -4.09966074
  0.0980  183.36218358 -4.13971645
  0.0990  185.70949789 -4.18452086
  0.1000  188.01045790 -4.23399668
  0.1010  190.26388547 -4.28805255
  0.1020  192.46862943 -4.34657704
  0.1030  194.62356613 -4.40943190
  0.1040  196.72760010 -4.47644467
  0.1050  198.77966451 -4.54740077
  0.1060  200.77872181 -4.62203508
  0.1070  202.72376418 -4.70002326
  0.1080  204.61381408 -4.78097320
  0.1090  206.44792473 -4.86441703
  0.1100  208.22518054 -4.94980433
  0.1110  209.94469764 -5.03649729
  0.1120  211.60562420 -5.12376871
  0.1130  213.20714094 -5.21080393
  0.1140  214.74846146 -5.29670759
  0.1150  216.22883261 -5.38051611
  0.1160  217.64753489 -5.46121659
  0.1170  219.00388270 -5.53777211
  0.1180  220.29722470 -5.60915308
  0.1190  221.52694408 -5.67437337
  0.1200  222.69245883 -5.73252908
  0.1210  223.79322197 -5.78283747
  0.1220  224.82872177 -5.82467272
  0.1230  225.79848198 -5.85759537
  0.1240  226.70206197 -5.88137284
  0.1250  227.53905692 -5.89598873
  0.1260  228.30909793 -5.90164036
  0.1270  229.01185215 -5.89872486
  0.1280  229.64702286 -5.88781538
  0.1290  230.21434957 -5.86962995
  0.1300  230.71360802 -5.84499604
  0.1310  231.14461025 -5.81481369
  0.1320  231.50720461 -5.78002002
  0.1330  231.80127570 -5.74155732
  0.1340  232.02674439 -5.70034594
  0.1350  232.18356771 -5.65726286
  0.1360  232.27173881 -5.61312602
  0.1370  232.29128686 -5.56868394
  0.1380  232.24227691 -5.52461009
  0.1390  232.12480976 -5.48150117
  0.1400  231.93902181 -5.43987834
  0.1410  231.68508485 -5.40019065
  0.1420  231.36320590 -5.36281997
  0.1430  230.97362696 -5.32808674
  0.1440  230.51662478 -5.29625609
  0.1450  229.99251059 -5.26754397
  0.1460  229.40162984 -5.24212306
  0.1470  228.74436192 -5.22012815
  0.1480  228.02111977 -5.20166108
  0.1490  227.23234963 -5.18679501
  0.1500  226.37853065 -5.17557804
  0.1510  225.46017452 -5.16803626
  0.1520  224.47782509 -5.16417616
  0.1530  223.43205798 -5.16398641
  0.1540  222.32348013 -5.16743918
  0.1550  221.15272937 -5.17449088
  0.1560  219.92047402 -5.18508243
  0.1570  218.62741233 -5.19913913
  0.1580  217.27427209 -5.21657011
  0.1590  215.86181007 -5.23726745
  0.1600  214.39081152 -5.26110495
  0.1610  212.86208969 -5.28793668
  0.1620  211.27648521 -5.31759539
  0.1630  209.63486560 -5.34989068
  0.1640  207.93812470 -5.38460728
  0.1650  206.18718206 -5.42150330
  0.1660  204.38298237 -5.46030875
  0.1670  202.52649486 -5.50072434
  0.1680  200.61871268 -5.54242083
  0.1690  198.66065230 -5.58503898
  0.1700  196.65335284 -5.62819039
  0.1710  194.59787544 -5.67145934
  0.1720  192.49530264 -5.71440580
  0.1730  190.34673767 -5.75656974
  0.1740  188.15330381 -5.79747688
  0.1750  185.91614370 -5.83664570
  0.1760  183.63641867 -5.87359596
  0.1770  181.31530803 -5.90785821
  0.1780  178.95400838 -5.93898424
  0.1790  176.55373290 -5.96655801
  0.1800  174.11571065 -5.99020651
  0.1810  171.64118583 -6.00961019
  0.1820  169.13141710 -6.02451219
  0.1830  166.58767681 -6.03472594
  0.1840  164.01125029 -6.04014068
  0.1850  161.40343511 -6.04072452
  0.1860  158.76554038 -6.03652478
  0.1870  156.09888594 -6.02766573
  0.1880  153.40480168 -6.01434377
  0.1890  150.68462678 -5.99682046
  0.1900  147.93970895 -5.97541374
  0.1910  145.17140370 -5.95048796
  0.1920  142.38107358 -5.92244324
  0.1930  139.57008746 -5.89170464
  0.1940  136.73981975 -5.85871176
  0.1950  133.89164969 -5.82390903
  0.1960  131.02696055 -5.78773704
  0.1970  128.14713896 -5.75062513
  0.1980  125.25357411 -5.71298533
  0.1990  122.34765704 -5.67520761
  0.2000  119.43077991 -5.63765644
  0.2010  116.50433522 -5.60066853
  0.2020  113.56971513 -5.56455154
  0.2030  110.62831072 -5.52958376
  0.2040  107.68151125 -5.49601446
  0.2050  104.73070346 -5.46406474
  0.2060  101.77727086 -5.43392888
  0.2070  98.82259299 -5.40577589
  0.2080  95.86804476 -5.37975127
  0.2090  92.91499572 -5.35597888
  0.2100  89.96480938 -5.33456272
  0.2110  87.01884253 -5.31558878
  0.2120  84.07844456 -5.29912668
  0.2130  81.14495677 -5.28523128
  0.2140  78.21971174 -5.27394412
  0.2150  75.30403263 -5.26529464
  0.2160  72.39923260 -5.25930133
  0.2170  69.50661407 -5.25597269
  0.2180  66.62746818 -5.25530795
  0.2190  63.76307412 -5.25729778
  0.2200  60.91469852 -5.26192469
  0.2210  58.08359486 -5.26916340
  0.2220  55.27100284 -5.27898103
  0.2230  52.47814785 -5.29133716
  0.2240  49.70624032 -5.30618380
  0.2250  46.95647524 -5.32346519
  0.2260  44.23003151 -5.34311757
  0.2270  41.52807147 -5.36506873
  0.2280  38.85174035 -5.38923760
  0.2290  36.20216569 -5.41553352
  0.2300  33.58045693 -5.44385552
  0.2310  30.98770481 -5.47409122
  0.2320  28.42498095 -5.50611550
  0.2330  25.89333737 -5.53978848
  0.2340  23.39380600 -5.57495256
  0.2350  20.92739827 -5.61142768
  0.2360  18.49510470 -5.64900313
  0.2370  16.09789454 -5.68742263
  0.2380  13.73671541 -5.72635472
  0.2390  11.41249322 -5.76532875
  0.2400  9.12613231 -5.80357863
  0.2410  6.87851687 -5.83959289
  0.2420  4.67051706 -5.86943800
  0.2430  2.50302836 -5.87673813
  0.2440  0.37833702 -5.53401161
  0.2450  1.70850289 6.16608708
  0.2460  3.74987350 6.14123660
  0.2470  5.74790924 6.16443745
  0.2480  7.70176708 6.19709286
  0.2490  9.61074127 6.23267548
  0.2500  11.47416764 6.26906727
  0.2510  13.29141231 6.30532512
  0.2520  15.06186921 6.34093739
  0.2530  16.78495948 6.37558841
  0.2540  18.46013129 6.40906781
  0.2550  20.08685989 6.44123040
  0.2560  21.66464772 6.47197637
  0.2570  23.19302452 6.50124051
  0.2580  24.67154747 6.52898562
  0.2590  26.09980128 6.55519798
  0.2600  27.47739830 6.57988377
  0.2610  28.80397863 6.60306600
  0.2620  30.07921022 6.62478162
  0.2630  31.30278886 6.64507868
  0.2640  32.47443834 6.66401353
  0.2650  33.59391042 6.68164807
  0.2660  34.66098487 6.69804698
  0.2670  35.67546951 6.71327507
  0.2680  36.63720015 6.72739465
  0.2690  37.54604064 6.74046313
  0.2700  38.40188281 6.75253072
  0.2710  39.20464640 6.76363832
  0.2720  39.95427905 6.77381566
  0.2730  40.65075617 6.78307969
  0.2740  41.29408091 6.79143321
  0.2750  41.88428400 6.79886376
  0.2760  42.42142369 6.80534290
  0.2770  42.90558555 6.81082574
  0.2780  43.33688241 6.81525079
  0.2790  43.71545410 6.81854024
  0.2800  44.04146739 6.82060050
  0.2810  44.31511569 6.82132324
  0.2820  44.53661893 6.82058667
  0.2830  44.70622332 6.81825736
  0.2840  44.82420110 6.81419229
  0.2850  44.89085035 6.80824140
  0.2860  44.90649467 6.80025041
  0.2870  44.87148296 6.79006390
  0.2880  44.78618914 6.77752879
  0.2890  44.65101183 6.76249782
  0.2900  44.46637404 6.74483325
  0.2910  44.23272290 6.72441050
  0.2920  43.95052928 6.70112171
  0.2930  43.62028745 6.67487908
  0.2940  43.24251477 6.64561781
  0.2950  42.81775127 6.61329870
  0.2960  42.34655930 6.57791010
  0.2970  41.82952314 6.53946932
  0.2980  41.26724861 6.49802326
  0.2990  40.66036260 6.45364840
  0.3000  40.00951275 6.40645003
  0.3010  39.31536691 6.35656080
  0.3020  38.57861279 6.30413859
  0.3030  37.79995743 6.24936390
  0.3040  36.98012682 6.19243670
  0.3050  36.11986535 6.13357298
  0.3060  35.21993537 6.07300111
  0.3070  34.28111673 6.01095798
  0.3080  33.30420622 5.94768534
  0.3090  32.29001712 5.88342604
  0.3100  31.23937866 5.81842063
  0.3110  30.15313553 5.75290413
  0.3120  29.03214732 5.68710312
  0.3130  27.87728802 5.62123313
  0.3140  26.68944549 5.55549634
  0.3150  25.46952089 5.49007948
  0.3160  24.21842820 5.42515197
  0.3170  22.93709363 5.36086406
  0.3180  21.62645513 5.29734490
  0.3190  20.28746184 5.23470014
  0.3200  18.92107361 5.17300882
  0.3210  17.52826055 5.11231866
  0.3220  16.11000260 5.05263879
  0.3230  14.66728929 4.99392769
  0.3240  13.20111962 4.93607236
  0.3250  11.71250243 4.87885058
  0.3260  10.20245763 4.82185813
  0.3270  8.67201935 4.76435713
  0.3280  7.12224426 4.70492538
  0.3290  5.55423526 4.64052004
  0.3300  3.96922438 4.56338139
  0.3310  2.36899821 4.44639524
  0.3320  0.76179068 4.09084902
  0.3330  0.89769635 -5.29487312
  0.3340  2.53437143 -4.74533688
  0.3350  4.18969207 -4.61954442
  0.3360  5.85713622 -4.54854686
  0.3370  7.53499799 -4.49630264
  0.3380  9.22204818 -4.45333223
  0.3390  10.91717097 -4.41604174
  0.3400  12.61928995 -4.38275567
  0.3410  14.32734648 -4.35257642
  0.3420  16.04029205 -4.32497040
  0.3430  17.75708532 -4.29959273
  0.3440  19.47669097 -4.27620403
  0.3450  21.19807937 -4.25462764
  0.3460  22.92022668 -4.23472592
  0.3470  24.64211509 -4.21638658
  0.3480  26.36273320 -4.19951424
  0.3490  28.08107648 -4.18402527
  0.3500  29.79614769 -4.16984429
  0.3510  31.50695742 -4.15690197
  0.3520  33.21252451 -4.14513344
  0.3530  34.91187660 -4.13447727
  0.3540  36.60405063 -4.12487470
  0.3550  38.28809328 -4.11626914
  0.3560  39.96306150 -4.10860584
  0.3570  41.62802296 -4.10183162
  0.3580  43.28205654 -4.09589472
  0.3590  44.92425279 -4.09074472
  0.3600  46.55371440 -4.08633248
  0.3610  48.16955659 -4.08261016
  0.3620  49.77090763 -4.07953122
  0.3630  51.35690921 -4.07705045
  0.3640  52.92671686 -4.07512407
  0.3650  54.47950037 -4.07370979
  0.3660  56.01444421 -4.07276689
  0.3670  57.53074784 -4.07225629
  0.3680  59.02762618 -4.07214070
  0.3690  60.50430989 -4.07238465
  0.3700  61.96004576 -4.07295461
  0.3710  63.39409705 -4.07381908
  0.3720  64.80574380 -4.07494866
  0.3730  66.19428315 -4.07631609
  0.3740  67.55902966 -4.07789635
  0.3750  68.89931555 -4.07966666
  0.3760  70.21449103 -4.08160652
  0.3770  71.50392455 -4.08369773
  0.3780  72.76700302 -4.08592435
  0.3790  74.00313210 -4.08827268
  0.3800  75.21173637 -4.09073123
  0.3810  76.39225958 -4.09329063
  0.3820  77.54416484 -4.09594355
  0.3830  78.66693481 -4.09868460
  0.3840  79.76007184 -4.10151020
  0.3850  80.82309818 -4.10441845
  0.3860  81.85555609 -4.10740898
  0.3870  82.85700799 -4.11048278
  0.3880  83.82703657 -4.11364202
  0.3890  84.76524488 -4.11688990
  0.3900  85.67125648 -4.12023040
  0.3910  86.54471544 -4.12366815
  0.3920  87.38528648 -4.12720818
  0.3930  88.19265497 -4.13085577
  0.3940  88.96652701 -4.13461621
  0.3950  89.70662942 -4.13849463
  0.3960  90.41270978 -4.14249584
  0.3970  91.08453644 -4.14662410
  0.3980  91.72189847 -4.15088298
  0.3990  92.32460567 -4.15527522
  0.4000  92.89248854 -4.15980254
  0.4010  93.42539820 -4.16446555
  0.4020  93.92320634 -4.16926361
  0.4030  94.38580517 -4.17419475
  0.4040  94.81310731 -4.17925556
  0.4050  95.20504571 -4.18444115
  0.4060  95.56157352 -4.18974510
  0.4070  95.88266401 -4.19515943
  0.4080  96.16831039 -4.20067457
  0.4090  96.41852571 -4.20627944
  0.4100  96.63334269 -4.21196143
  0.4110  96.81281355 -4.21770648
  0.4120  96.95700986 -4.22349916
  0.4130  97.06602234 -4.22932278
  0.4140  97.13996065 -4.23515949
  0.4150  97.17895323 -4.24099046
  0.4160  97.18314705 -4.24679599
  0.4170  97.15270740 -4.25255578
  0.4180  97.08781767 -4.25824902
  0.4190  96.98867908 -4.26385471
  0.4200  96.85551046 -4.26935181
  0.4210  96.68854798 -4.27471953
  0.4220  96.48804491 -4.27993755
  0.4230  96.25427128 -4.28498631
  0.4240  95.98751368 -4.28984721
  0.4250  95.68807492 -4.29450293
  0.4260  95.35627375 -4.29893763
  0.4270  94.99244457 -4.30313722
  0.4280  94.59693708 -4.30708960
  0.4290  94.17011602 -4.31078482
  0.4300  93.71236081 -4.31421534
  0.4310  93.22406525 -4.31737619
  0.4320  92.70563715 -4.32026508
  0.4330  92.15749802 -4.32288256
  0.4340  91.58008273 -4.32523208
  0.4350  90.97383915 -4.32732007
  0.4360  90.33922781 -4.32915597
  0.4370  89.67672151 -4.33075221
  0.4380  88.98680501 -4.33212417
  0.4390  88.26997462 -4.33329010
  0.4400  87.52673788 -4.33427105
  0.4410  86.75761312 -4.33509074
  0.4420  85.96312917 -4.33577535
  0.4430  85.14382492 -4.33635341
  0.4440  84.30024896 -4.33685557
  0.4450  83.43295922 -4.33731439
  0.4460  82.54252253 -4.33776409
  0.4470  81.62951431 -4.33824036
  0.4480  80.69451814 -4.33878007
  0.4490  79.73812537 -4.33942104
  0.4500  78.76093473 -4.34020178
  0.4510  77.76355198 -4.34116126
  0.4520  76.74658948 -4.34233865
  0.4530  75.71066579 -4.34377310
  0.4540  74.65640533 -4.34550347
  0.4550  73.58443796 -4.34756818
  0.4560  72.49539856 -4.35000494
  0.4570  71.38992672 -4.35285059
  0.4580  70.26866625 -4.35614091
  0.4590  69.13226491 -4.35991044
  0.4600  67.98137389 -4.36419233
  0.4610  66.81664756 -4.36901819
  0.4620  65.63874299 -4.37441797
  0.4630  64.44831960 -4.38041979
  0.4640  63.24603880 -4.38704990
  0.4650  62.03256358 -4.39433252
  0.4660  60.80855815 -4.40228975
  0.4670  59.57468757 -4.41094153
  0.4680  58.33161740 -4.42030550
  0.4690  57.08001328 -4.43039696
  0.4700  55.82054061 -4.44122882
  0.4710  54.55386418 -4.45281149
  0.4720  53.28064780 -4.46515289
  0.4730  52.00155398 -4.47825836
  0.4740  50.71724353 -4.49213062
  0.4750  49.42837525 -4.50676974
  0.4760  48.13560557 -4.52217314
  0.4770  46.83958824 -4.53833551
  0.4780  45.54097396 -4.55524886
  0.4790  44.24041005 -4.57290247
  0.4800  42.93854017 -4.59128292
  0.4810  41.63600396 -4.61037412
  0.4820  40.33343672 -4.63015732
  0.4830  39.03146913 -4.65061119
  0.4840  37.73072691 -4.67171190
  0.4850  36.43183055 -4.69343321
  0.4860  35.13539500 -4.71574658
  0.4870  33.84202937 -4.73862138
  0.4880  32.55233666 -4.76202503
  0.4890  31.26691348 -4.78592327
  0.4900  29.98634976 -4.81028044
  0.4910  28.71122852 -4.83505983
  0.4920  27.44212556 -4.86022405
  0.4930  26.17960925 -4.88573556
  0.4940  24.92424024 -4.91155723
  0.4950  23.67657125 -4.93765301
  0.4960  22.43714683 -4.96398882
  0.4970  21.20650314 -4.99053354
  0.4980  19.98516771 -5.01726034
  0.4990  18.77365925 -5.04414827
  0.5000  17.57248746 -5.07118446
  0.5010  16.38215283 -5.09836692
  0.5020  15.20314651 -5.12570847
  0.5030  14.03595014 -5.15324235
  0.5040  12.88103577 -5.18103029
  0.5050  11.73886579 -5.20917501
  0.5060  10.60989300 -5.23783980
  0.5070  9.49456078 -5.26728114
  0.5080  8.39330354 -5.29790546
  0.5090  7.30654771 -5.33037463
  0.5100  6.23471386 -5.36581699
  0.5110  5.17822142 -5.40629269
  0.5120  4.13750054 -5.45596057
  0.5130  3.11302669 -5.52459448
  0.5140  2.10545257 -5.64173782
  0.5150  1.11642918 -5.95669948
  0.5160  0.17825063 -29.03625207
  0.5170  0.82975668 4.86077430
  0.5180  1.76504946 5.14372222
  0.5190  2.68530340 5.25268980
  0.5200  3.58789722 5.31559888
  0.5210  4.47213539 5.35949284
  0.5220  5.33761792 5.39355760
  0.5230  6.18403406 5.42177502
  0.5240  7.01111338 5.44615572
  0.5250  7.81860997 5.46782885
  0.5260  8.60629632 5.48748101
  0.5270  9.37396056 5.50555647
  0.5280  10.12140513 5.52235760
  0.5290  10.84844604 5.53809888
  0.5300  11.55491250 5.55293775
  0.5310  12.24064665 5.56699309
  0.5320  12.90550341 5.58035670
  0.5330  13.54935039 5.59310069
  0.5340  14.17206779 5.60528240
  0.5350  14.77354835 5.61694771
  0.5360  15.35369725 5.62813347
  0.5370  15.91243213 5.63886911
  0.5380  16.44968293 5.64917798
  0.5390  16.96539193 5.65907827
  0.5400  17.45951361 5.66858379
  0.5410  17.93201462 5.67770464
  0.5420  18.38287371 5.68644775
  0.5430  18.81208162 5.69481735
  0.5440  19.21964103 5.70281542
  0.5450  19.60556646 5.71044215
  0.5460  19.96988416 5.71769626
  0.5470  20.31263203 5.72457544
  0.5480  20.63385951 5.73107670
  0.5490  20.93362746 5.73719668
  0.5500  21.21200805 5.74293205
  0.5510  21.46908463 5.74827980
  0.5520  21.70495160 5.75323752
  0.5530  21.91971430 5.75780373
  0.5540  22.11348884 5.76197813
  0.5550  22.28640198 5.76576182
  0.5560  22.43859094 5.76915754
  0.5570  22.57020330 5.77216982
  0.5580  22.68139681 5.77480518
  0.5590  22.77233921 5.77707220
  0.5600  22.84320811 5.77898163
  0.5610  22.89419074 5.78054642
  0.5620  22.92548386 5.78178175
  0.5630  22.93729351 5.78270498
  0.5640  22.92983482 5.78333560
  0.5650  22.90333190 5.78369511
  0.5660  22.85801752 5.78380693
  0.5670  22.79413303 5.78369614
  0.5680  22.71192806 5.78338937
  0.5690  22.61166039 5.78291451
  0.5700  22.49359566 5.78230048
  0.5710  22.35800723 5.78157691
  0.5720  22.20517593 5.78077388
  0.5730  22.03538982 5.77992157
  0.5740  21.84894401 5.77904993
  0.5750  21.64614037 5.77818833
  0.5760  21.42728739 5.77736520
  0.5770  21.19269985 5.77660766
  0.5780  20.94269867 5.77594119
  0.5790  20.67761061 5.77538920
  0.5800  20.39776809 5.77497270
  0.5810  20.10350888 5.77470993
  0.5820  19.79517595 5.77461599
  0.5830  19.47311712 5.77470246
  0.5840  19.13768493 5.77497707
  0.5850  18.78923628 5.77544335
  0.5860  18.42813229 5.77610025
  0.5870  18.05473798 5.77694179
  0.5880  17.66942207 5.77795675
  0.5890  17.27255670 5.77912830
  0.5900  16.86451722 5.78043364
  0.5910  16.44568190 5.78184361
  0.5920  16.01643176 5.78332236
  0.5930  15.57715024 5.78482690
  0.5940  15.12822303 5.78630669
  0.5950  14.67003783 5.78770308
  0.5960  14.20298408 5.78894884
  0.5970  13.72745278 5.78996739
  0.5980  13.24383625 5.79067209
  0.5990  12.75252793 5.79096521
  0.6000  12.25392220 5.79073669
  0.6010  11.74841419 5.78986259
  0.6020  11.23639963 5.78820303
  0.6030  10.71827470 5.78559950
  0.6040  10.19443602 5.78187125
  0.6050  9.66528054 5.77681044
  0.6060  9.13120564 5.77017545
  0.6070  8.59260928 5.76168167
  0.6080  8.04989034 5.75098842
  0.6090  7.50344925 5.73768026
  0.6100  6.95368894 5.72123977
  0.6110  6.40101651 5.70100676
  0.6120  5.84584598 5.67611604
  0.6130  5.28860287 5.64539921
  0.6140  4.72973225 5.60722439
  0.6150  4.16971348 5.55922392
  0.6160  3.60908879 5.49780838
  0.6170  3.04852354 5.41724881
  0.6180  2.48894752 5.30782583
  0.6190  1.93193923 5.15183718
  0.6200  1.38102333 4.91482351
  0.6210  0.84787881 4.53651589
  0.6220  0.40663603 4.38500555
  0.6230  0.49292742 -327.04057436
  0.6240  0.97295357 -10.15430302
  0.6250  1.50655799 -7.92127495
  0.6260  2.05040160 -7.20386086
  0.6270  2.59623933 -6.84821177
  0.6280  3.14130953 -6.63224294
  0.6290  3.68430598 -6.48412802
  0.6300  4.22444288 -6.37380601
  0.6310  4.76116002 -6.28654256
  0.6320  5.29400972 -6.21429922
  0.6330  5.82260710 -6.15233953
  0.6340  6.34660593 -6.09770783
  0.6350  6.86568588 -6.04847745
  0.6360  7.37954553 -6.00334966
  0.6370  7.88789815 -5.96142622
  0.6380  8.39046920 -5.92207377
  0.6390  8.88699478 -5.88483932
  0.6400  9.37722057 -5.84939584
  0.6410  9.86090122 -5.81550588
  0.6420  10.33779986 -5.78299682
  0.6430  10.80768786 -5.75174340
  0.6440  11.27034459 -5.72165530
  0.6450  11.72555734 -5.69266807
  0.6460  12.17312119 -5.66473638
  0.6470  12.61283900 -5.63782899
  0.6480  13.04452135 -5.61192493
  0.6490  13.46798654 -5.58701058
  0.6500  13.88306057 -5.56307735
  0.6510  14.28957714 -5.54012002
  0.6520  14.68737764 -5.51813527
  0.6530  15.07631118 -5.49712070
  0.6540  15.45623457 -5.47707396
  0.6550  15.82701228 -5.45799213
  0.6560  16.18851652 -5.43987120
  0.6570  16.54062716 -5.42270576
  0.6580  16.88323177 -5.40648865
  0.6590  17.21622554 -5.39121081
  0.6600  17.53951136 -5.37686115
  0.6610  17.85299969 -5.36342645
  0.6620  18.15660864 -5.35089133
  0.6630  18.45026384 -5.33923828
  0.6640  18.73389848 -5.32844765
  0.6650  19.00745323 -5.31849777
  0.6660  19.27087622 -5.30936500
  0.6670  19.52412297 -5.30102383
  0.6680  19.76715636 -5.29344704
  0.6690  19.99994655 -5.28660585
  0.6700  20.22247094 -5.28047004
  0.6710  20.43471409 -5.27500816
  0.6720  20.63666766 -5.27018771
  0.6730  20.82833032 -5.26597534
  0.6740  21.00970770 -5.26233706
  0.6750  21.18081229 -5.25923846
  0.6760  21.34166334 -5.25664492
  0.6770  21.49228681 -5.25452187
  0.6780  21.63271524 -5.25283500
  0.6790  21.76298766 -5.25155050
  0.6800  21.88314953 -5.25063532
  0.6810  21.99325255 -5.25005735
  0.6820  22.09335466 -5.24978571
  0.6830  22.18351983 -5.24979091
  0.6840  22.26381802 -5.25004514
  0.6850  22.33432502 -5.25052236
  0.6860  22.39512237 -5.25119860
  0.6870  22.44629718 -5.25205204
  0.6880  22.48794206 -5.25306320
  0.6890  22.52015498 -5.25421506
  0.6900  22.54303911 -5.25549318
  0.6910  22.55670272 -5.25688573
  0.6920  22.56125905 -5.25838363
  0.6930  22.55682614 -5.25998050
  0.6940  22.54352674 -5.26167269
  0.6950  22.52148811 -5.26345929
  0.6960  22.49084195 -5.26534202
  0.6970  22.45172418 -5.26732520
  0.6980  22.40427486 -5.26941564
  0.6990  22.34863802 -5.27162247
  0.7000  22.28496151 -5.27395705
  0.7010  22.21339684 -5.27643278
  0.7020  22.13409908 -5.27906490
  0.7030  22.04722664 -5.28187029
  0.7040  21.95294120 -5.28486726
  0.7050  21.85140747 -5.28807532
  0.7060  21.74279313 -5.29151493
  0.7070  21.62726861 -5.29520728
  0.7080  21.50500697 -5.29917399
  0.7090  21.37618374 -5.30343691
  0.7100  21.24097680 -5.30801785
  0.7110  21.09956615 -5.31293829
  0.7120  20.95213386 -5.31821920
  0.7130  20.79886383 -5.32388075
  0.7140  20.63994172 -5.32994209
  0.7150  20.47555472 -5.33642112
  0.7160  20.30589149 -5.34333429
  0.7170  20.13114191 -5.35069634
  0.7180  19.95149704 -5.35852018
  0.7190  19.76714890 -5.36681667
  0.7200  19.57829035 -5.37559443
  0.7210  19.38511495 -5.38485972
  0.7220  19.18781682 -5.39461632
  0.7230  18.98659050 -5.40486536
  0.7240  18.78163078 -5.41560523
  0.7250  18.57313262 -5.42683154
  0.7260  18.36129097 -5.43853697
  0.7270  18.14630067 -5.45071132
  0.7280  17.92835627 -5.46334140
  0.7290  17.70765196 -5.47641110
  0.7300  17.48438139 -5.48990132
  0.7310  17.25873758 -5.50379012
  0.7320  17.03091280 -5.51805268
  0.7330  16.80109840 -5.53266147
  0.7340  16.56948476 -5.54758632
  0.7350  16.33626112 -5.56279460
  0.7360  16.10161548 -5.57825133
  0.7370  15.86573451 -5.59391941
  0.7380  15.62880343 -5.60975987
  0.7390  15.39100588 -5.62573203
  0.7400  15.15252384 -5.64179382
  0.7410  14.91353754 -5.65790208
  0.7420  14.67422533 -5.67401280
  0.7430  14.43476361 -5.69008152
  0.7440  14.19532673 -5.70606360
  0.7450  13.95608688 -5.72191464
  0.7460  13.71721405 -5.73759076
  0.7470  13.47887588 -5.75304903
  0.7480  13.24123766 -5.76824776
  0.7490  13.00446216 -5.78314692
  0.7500  12.76870963 -5.79770844
  0.7510  12.53413769 -5.81189654
  0.7520  12.30090125 -5.82567802
  0.7530  12.06915249 -5.83902260
  0.7540  11.83904074 -5.85190306
  0.7550  11.61071244 -5.86429556
  0.7560  11.38431112 -5.87617974
  0.7570  11.15997727 -5.88753887
  0.7580  10.93784834 -5.89835994
  0.7590  10.71805867 -5.90863368
  0.7600  10.50073946 -5.91835459
  0.7610  10.28601871 -5.92752083
  0.7620  10.07402117 -5.93613416
  0.7630  9.86486832 -5.94419979
  0.7640  9.65867834 -5.95172617
  0.7650  9.45556603 -5.95872478
  0.7660  9.25564283 -5.96520990
  0.7670  9.05901679 -5.97119827
  0.7680  8.86579250 -5.97670885
  0.7690  8.67607111 -5.98176242
  0.7700  8.48995028 -5.98638133
  0.7710  8.30752419 -5.99058906
  0.7720  8.12888351 -5.99440997
  0.7730  7.95411537 -5.99786887
  0.7740  7.78330340 -6.00099076
  0.7750  7.61652765 -6.00380048
  0.7760  7.45386465 -6.00632241
  0.7770  7.29538737 -6.00858015
  0.7780  7.14116524 -6.01059633
  0.7790  6.99126411 -6.01239231
  0.7800  6.84574631 -6.01398795
  0.7810  6.70467062 -6.01540149
  0.7820  6.56809227 -6.01664928
  0.7830  6.43606300 -6.01774568
  0.7840  6.30863099 -6.01870294
  0.7850  6.18584096 -6.01953102
  0.7860  6.06773410 -6.02023757
  0.7870  5.95434818 -6.02082777
  0.7880  5.84571747 -6.02130430
  0.7890  5.74187284 -6.02166727
  0.7900  5.64284172 -6.02191414
  0.7910  5.54864819 -6.02203972
  0.7920  5.45931292 -6.02203608
  0.7930  5.37485326 -6.02189255
  0.7940  5.29528325 -6.02159572
  0.7950  5.22061361 -6.02112940
  0.7960  5.15085184 -6.02047468
  0.7970  5.08600216 -6.01960994
  0.7980  5.02606561 -6.01851090
  0.7990  4.97104004 -6.01715076
  0.8000  4.92092013 -6.01550031
  0.8010  4.87569748 -6.01352809
  0.8020  4.83536055 -6.01120062
  0.8030  4.79989478 -6.00848267
  0.8040  4.76928254 -6.00533757
  0.8050  4.74350322 -6.00172755
  0.8060  4.72253323 -5.99761422
  0.8070  4.70634604 -5.99295898
  0.8080  4.69491222 -5.98772353
  0.8090  4.68819947 -5.98187041
  0.8100  4.68617264 -5.97536358
  0.8110  4.68879378 -5.96816895
  0.8120  4.69602217 -5.96025500
  0.8130  4.70781437 -5.95159327
  0.8140  4.72412424 -5.94215896
  0.8150  4.74490300 -5.93193137
  0.8160  4.77009925 -5.92089432
  0.8170  4.79965902 -5.90903657
  0.8180  4.83352585 -5.89635204
  0.8190  4.87164076 -5.88284003
  0.8200  4.91394237 -5.86850536
  0.8210  4.96036692 -5.85335835
  0.8220  5.01084831 -5.83741475
  0.8230  5.06531814 -5.82069561
  0.8240  5.12370582 -5.80322699
  0.8250  5.18593855 -5.78503964
  0.8260  5.25194140 -5.76616863
  0.8270  5.32163740 -5.74665290
  0.8280  5.39494753 -5.72653476
  0.8290  5.47179082 -5.70585934
  0.8300  5.55208437 -5.68467409
  0.8310  5.63574345 -5.66302818
  0.8320  5.72268152 -5.64097199
  0.8330  5.81281029 -5.61855654
  0.8340  5.90603980 -5.59583294
  0.8350  6.00227844 -5.57285197
  0.8360  6.10143304 -5.54966354
  0.8370  6.20340891 -5.52631632
  0.8380  6.30810989 -5.50285735
  0.8390  6.41543845 -5.47933167
  0.8400  6.52529569 -5.45578210
  0.8410  6.63758144 -5.43224891
  0.8420  6.75219429 -5.40876970
  0.8430  6.86903169 -5.38537919
  0.8440  6.98798998 -5.36210913
  0.8450  7.10896444 -5.33898822
  0.8460  7.23184938 -5.31604209
  0.8470  7.35653820 -5.29329328
  0.8480  7.48292342 -5.27076124
  0.8490  7.61089678 -5.24846244
  0.8500  7.74034928 -5.22641042
  0.8510  7.87117126 -5.20461589
  0.8520  8.00325245 -5.18308685
  0.8530  8.13648204 -5.16182872
  0.8540  8.27074874 -5.14084452
  0.8550  8.40594087 -5.12013499
  0.8560  8.54194639 -5.09969879
  0.8570  8.67865299 -5.07953266
  0.8580  8.81594816 -5.05963162
  0.8590  8.95371925 -5.03998913
  0.8600  9.09185353 -5.02059731
  0.8610  9.23023827 -5.00144712
  0.8620  9.36876082 -4.98252854
  0.8630  9.50730866 -4.96383076
  0.8640  9.64576947 -4.94534241
  0.8650  9.78403121 -4.92705167
  0.8660  9.92198221 -4.90894649
  0.8670  10.05951120 -4.89101478
  0.8680  10.19650740 -4.87324453
  0.8690  10.33286060 -4.85562400
  0.8700  10.46846124 -4.83814188
  0.8710  10.60320043 -4.82078738
  0.8720  10.73697009 -4.80355042
  0.8730  10.86966299 -4.78642171
  0.8740  11.00117280 -4.76939288
  0.8750  11.13139422 -4.75245655
  0.8760  11.26022298 -4.73560646
  0.8770  11.38755598 -4.71883749
  0.8780  11.51329130 -4.70214574
  0.8790  11.63732834 -4.68552858
  0.8800  11.75956781 -4.66898466
  0.8810  11.87991187 -4.65251396
  0.8820  11.99826416 -4.63611776
  0.8830  12.11452990 -4.61979864
  0.8840  12.22861591 -4.60356049
  0.8850  12.34043072 -4.58740842
  0.8860  12.44988465 -4.57134878
  0.8870  12.55688981 -4.55538905
  0.8880  12.66136024 -4.53953781
  0.8890  12.76321193 -4.52380467
  0.8900  12.86236290 -4.50820017
  0.8910  12.95873324 -4.49273574
  0.8920  13.05224520 -4.47742353
  0.8930  13.14282325 -4.46227642
  0.8940  13.23039412 -4.44730784
  0.8950  13.31488685 -4.43253171
  0.8960  13.39623288 -4.41796234
  0.8970  13.47436607 -4.40361433
  0.8980  13.54922277 -4.38950246
  0.8990  13.62074186 -4.37564161
  0.9000  13.68886483 -4.36204665
  0.9010  13.75353577 -4.34873239
  0.9020  13.81470146 -4.33571342
  0.9030  13.87231141 -4.32300411
  0.9040  13.92631788 -4.31061846
  0.9050  13.97667593 -4.29857008
  0.9060  14.02334347 -4.28687210
  0.9070  14.06628125 -4.27553711
  0.9080  14.10545297 -4.26457709
  0.9090  14.14082521 -4.25400339
  0.9100  14.17236755 -4.24382664
  0.9110  14.20005253 -4.23405677
  0.9120  14.22385571 -4.22470289
  0.9130  14.24375566 -4.21577335
  0.9140  14.25973401 -4.20727565
  0.9150  14.27177544 -4.19921645
  0.9160  14.27986769 -4.19160153
  0.9170  14.28400158 -4.18443581
  0.9180  14.28417101 -4.17772334
  0.9190  14.28037298 -4.17146727
  0.9200  14.27260755 -4.16566986
  0.9210  14.26087788 -4.16033251
  0.9220  14.24519020 -4.15545575
  0.9230  14.22555380 -4.15103923
  0.9240  14.20198104 -4.14708178
  0.9250  14.17448732 -4.14358140
  0.9260  14.14309105 -4.14053529
  0.9270  14.10781366 -4.13793987
  0.9280  14.06867954 -4.13579079
  0.9290  14.02571606 -4.13408300
  0.9300  13.97895350 -4.13281072
  0.9310  13.92842502 -4.13196753
  0.9320  13.87416666 -4.13154637
  0.9330  13.81621728 -4.13153960
  0.9340  13.75461850 -4.13193900
  0.9350  13.68941469 -4.13273583
  0.9360  13.62065291 -4.13392088
  0.9370  13.54838286 -4.13548450
  0.9380  13.47265682 -4.13741663
  0.9390  13.39352962 -4.13970686
  0.9400  13.31105856 -4.14234446
  0.9410  13.22530336 -4.14531841
  0.9420  13.13632612 -4.14861749
  0.9430  13.04419120 -4.15223027
  0.9440  12.94896522 -4.15614516
  0.9450  12.85071694 -4.16035046
  0.9460  12.74951722 -4.16483442
  0.9470  12.64543895 -4.16958524
  0.9480  12.53855695 -4.17459111
  0.9490  12.42894790 -4.17984026
  0.9500  12.31669030 -4.18532099
  0.9510  12.20186433 -4.19102168
  0.9520  12.08455182 -4.19693082
  0.9530  11.96483614 -4.20303706
  0.9540  11.84280213 -4.20932917
  0.9550  11.71853600 -4.21579613
  0.9560  11.59212527 -4.22242706
  0.9570  11.46365864 -4.22921129
  0.9580  11.33322596 -4.23613833
  0.9590  11.20091808 -4.24319789
  0.9600  11.06682680 -4.25037985
  0.9610  10.93104479 -4.25767427
  0.9620  10.79366544 -4.26507136
  0.9630  10.65478284 -4.27256150
  0.9640  10.51449164 -4.28013517
  0.9650  10.37288699 -4.28778295
  0.9660  10.23006444 -4.29549552
  0.9670  10.08611981 -4.30326359
  0.9680  9.94114918 -4.31107786
  0.9690  9.79524872 -4.31892906
  0.9700  9.64851465 -4.32680781
  0.9710  9.50104314 -4.33470468
  0.9720  9.35293020 -4.34261008
  0.9730  9.20427163 -4.35051427
  0.9740  9.05516290 -4.35840729
  0.9750  8.90569908 -4.36627894
  0.9760  8.75597477 -4.37411874
  0.9770  8.60608397 -4.38191587
  0.9780  8.45612007 -4.38965916
  0.9790  8.30617570 -4.39733707
  0.9800  8.15634269 -4.40493761
  0.9810  8.00671199 -4.41244835
  0.9820  7.85737360 -4.41985640
  0.9830  7.70841647 -4.42714835
  0.9840  7.55992845 -4.43431029
  0.9850  7.41199624 -4.44132777
  0.9860  7.26470527 -4.44818583
  0.9870  7.11813968 -4.45486893
  0.9880  6.97238227 -4.46136103
  0.9890  6.82751437 -4.46764555
  0.9900  6.68361586 -4.47370537
  0.9910  6.54076507 -4.47952291
  0.9920  6.39903874 -4.48508012
  0.9930  6.25851197 -4.49035849
  0.9940  6.11925816 -4.49533916
  0.9950  5.98134899 -4.50000290
  0.9960  5.84485436 -4.50433023
  0.9970  5.70984235 -4.50830143
  0.9980  5.57637917 -4.51189667
  0.9990  5.44452917 -4.51509604
