0 0.602292
0.001 0.601718
0.002 0.599998
0.003 0.597132
0.004 0.593122
0.005 0.58797
0.006 0.58168
0.007 0.574255
0.008 0.565699
0.009 0.556019
0.01 0.54522
0.011 0.533308
0.012 0.52029
0.013 0.506174
0.014 0.49097
0.015 0.474685
0.016 0.45733
0.017 0.438915
0.018 0.419452
0.019 0.398951
0.02 0.377425
0.021 0.354887
0.022 0.331351
0.023 0.306831
0.024 0.28134
0.025 0.254895
0.026 0.227511
0.027 0.199204
0.028 0.169992
0.029 0.139891
0.03 0.108919
0.031 0.0770946
0.032 0.0444368
0.033 0.0109647
0.034 0.0233021
0.035 0.0583435
0.036 0.0941388
0.037 0.130667
0.038 0.167907
0.039 0.205837
0.04 0.244435
0.041 0.283678
0.042 0.323544
0.043 0.364009
0.044 0.40505
0.045 0.446644
0.046 0.488767
0.047 0.531394
0.048 0.5745
0.049 0.618062
0.05 0.662055
0.051 0.706453
0.052 0.751231
0.053 0.796364
0.054 0.841826
0.055 0.887592
0.056 0.933636
0.057 0.979932
0.058 1.02645
0.059 1.07318
0.06 1.12007
0.061 1.16712
0.062 1.21429
0.063 1.26155
0.064 1.30888
0.065 1.35626
0.066 1.40366
0.067 1.45105
0.068 1.4984
0.069 1.5457
0.07 1.59291
0.071 1.64001
0.072 1.68698
0.073 1.73378
0.074 1.7804
0.075 1.82682
0.076 1.87299
0.077 1.91891
0.078 1.96454
0.079 2.00987
0.08 2.05486
0.081 2.0995
0.082 2.14376
0.083 2.18763
0.084 2.23107
0.085 2.27406
0.086 2.31659
0.087 2.35862
0.088 2.40015
0.089 2.44114
0.09 2.48159
0.091 2.52146
0.092 2.56073
0.093 2.5994
0.094 2.63744
0.095 2.67482
0.096 2.71154
0.097 2.74757
0.098 2.7829
0.099 2.8175
0.1 2.85137
0.101 2.88449
0.102 2.91683
0.103 2.9484
0.104 2.97916
0.105 3.0091
0.106 3.03822
0.107 3.0665
0.108 3.09392
0.109 3.12048
0.11 3.14616
0.111 3.17094
0.112 3.19482
0.113 3.21779
0.114 3.23984
0.115 3.26096
0.116 3.28113
0.117 3.30035
0.118 3.31862
0.119 3.33591
0.12 3.35224
0.121 3.36758
0.122 3.38194
0.123 3.39531
0.124 3.40768
0.125 3.41905
0.126 3.42941
0.127 3.43877
0.128 3.44711
0.129 3.45444
0.13 3.46075
0.131 3.46604
0.132 3.47031
0.133 3.47356
0.134 3.47579
0.135 3.477
0.136 3.4772
0.137 3.47637
0.138 3.47453
0.139 3.47167
0.14 3.46781
0.141 3.46293
0.142 3.45706
0.143 3.45018
0.144 3.44231
0.145 3.43345
0.146 3.42361
0.147 3.41279
0.148 3.401
0.149 3.38824
0.15 3.37453
0.151 3.35987
0.152 3.34427
0.153 3.32774
0.154 3.31029
0.155 3.29192
0.156 3.27265
0.157 3.25249
0.158 3.23145
0.159 3.20954
0.16 3.18678
0.161 3.16316
0.162 3.13872
0.163 3.11345
0.164 3.08737
0.165 3.0605
0.166 3.03285
0.167 3.00444
0.168 2.97527
0.169 2.94537
0.17 2.91475
0.171 2.88342
0.172 2.85141
0.173 2.81872
0.174 2.78537
0.175 2.75138
0.176 2.71677
0.177 2.68156
0.178 2.64576
0.179 2.60938
0.18 2.57246
0.181 2.535
0.182 2.49703
0.183 2.45856
0.184 2.41961
0.185 2.38021
0.186 2.34036
0.187 2.3001
0.188 2.25944
0.189 2.21839
0.19 2.17699
0.191 2.13525
0.192 2.09319
0.193 2.05083
0.194 2.00819
0.195 1.96529
0.196 1.92216
0.197 1.87881
0.198 1.83526
0.199 1.79154
0.2 1.74767
0.201 1.70366
0.202 1.65954
0.203 1.61533
0.204 1.57105
0.205 1.52672
0.206 1.48236
0.207 1.43799
0.208 1.39364
0.209 1.34932
0.21 1.30506
0.211 1.26087
0.212 1.21678
0.213 1.1728
0.214 1.12897
0.215 1.08528
0.216 1.04178
0.217 0.998474
0.218 0.955384
0.219 0.91253
0.22 0.869932
0.221 0.82761
0.222 0.785581
0.223 0.743865
0.224 0.702481
0.225 0.661446
0.226 0.62078
0.227 0.580499
0.228 0.540621
0.229 0.501164
0.23 0.462145
0.231 0.423581
0.232 0.385487
0.233 0.34788
0.234 0.310777
0.235 0.274192
0.236 0.23814
0.237 0.202637
0.238 0.167697
0.239 0.133334
0.24 0.0995624
0.241 0.0663947
0.242 0.0338443
0.243 0.00192377
0.244 0.0293545
0.245 0.0599788
0.246 0.0899376
0.247 0.11922
0.248 0.147815
0.249 0.175713
0.25 0.202904
0.251 0.229378
0.252 0.255127
0.253 0.280142
0.254 0.304415
0.255 0.327939
0.256 0.350706
0.257 0.37271
0.258 0.393944
0.259 0.414402
0.26 0.43408
0.261 0.452973
0.262 0.471075
0.263 0.488384
0.264 0.504895
0.265 0.520605
0.266 0.535513
0.267 0.549615
0.268 0.56291
0.269 0.575397
0.27 0.587075
0.271 0.597944
0.272 0.608004
0.273 0.617255
0.274 0.625699
0.275 0.633337
0.276 0.640171
0.277 0.646203
0.278 0.651437
0.279 0.655875
0.28 0.659521
0.281 0.66238
0.282 0.664455
0.283 0.665751
0.284 0.666274
0.285 0.66603
0.286 0.665025
0.287 0.663265
0.288 0.660757
0.289 0.657508
0.29 0.653527
0.291 0.64882
0.292 0.643397
0.293 0.637265
0.294 0.630435
0.295 0.622915
0.296 0.614716
0.297 0.605846
0.298 0.596317
0.299 0.586139
0.3 0.575324
0.301 0.563881
0.302 0.551823
0.303 0.539162
0.304 0.52591
0.305 0.512078
0.306 0.497679
0.307 0.482727
0.308 0.467234
0.309 0.451213
0.31 0.434677
0.311 0.417641
0.312 0.400118
0.313 0.382122
0.314 0.363666
0.315 0.344767
0.316 0.325436
0.317 0.305691
0.318 0.285544
0.319 0.265011
0.32 0.244107
0.321 0.222847
0.322 0.201245
0.323 0.179318
0.324 0.157081
0.325 0.134548
0.326 0.111735
0.327 0.088658
0.328 0.0653322
0.329 0.041773
0.33 0.017996
0.331 0.00598313
0.332 0.030149
0.333 0.054486
0.334 0.0789785
0.335 0.103611
0.336 0.128368
0.337 0.153235
0.338 0.178195
0.339 0.203233
0.34 0.228335
0.341 0.253485
0.342 0.278667
0.343 0.303867
0.344 0.329071
0.345 0.354262
0.346 0.379426
0.347 0.404549
0.348 0.429617
0.349 0.454614
0.35 0.479527
0.351 0.504341
0.352 0.529043
0.353 0.553619
0.354 0.578056
0.355 0.602339
0.356 0.626456
0.357 0.650393
0.358 0.674138
0.359 0.697678
0.36 0.721
0.361 0.744092
0.362 0.766943
0.363 0.789539
0.364 0.81187
0.365 0.833924
0.366 0.85569
0.367 0.877157
0.368 0.898314
0.369 0.91915
0.37 0.939656
0.371 0.959821
0.372 0.979636
0.373 0.999091
0.374 1.01818
0.375 1.03688
0.376 1.0552
0.377 1.07313
0.378 1.09065
0.379 1.10776
0.38 1.12445
0.381 1.14071
0.382 1.15654
0.383 1.17193
0.384 1.18687
0.385 1.20136
0.386 1.21539
0.387 1.22896
0.388 1.24205
0.389 1.25467
0.39 1.26681
0.391 1.27846
0.392 1.28962
0.393 1.30029
0.394 1.31047
0.395 1.32014
0.396 1.32931
0.397 1.33798
0.398 1.34613
0.399 1.35378
0.4 1.36091
0.401 1.36753
0.402 1.37363
0.403 1.37922
0.404 1.38429
0.405 1.38884
0.406 1.39287
0.407 1.39638
0.408 1.39938
0.409 1.40186
0.41 1.40383
0.411 1.40528
0.412 1.40622
0.413 1.40665
0.414 1.40656
0.415 1.40597
0.416 1.40488
0.417 1.40329
0.418 1.40119
0.419 1.3986
0.42 1.39553
0.421 1.39196
0.422 1.38791
0.423 1.38338
0.424 1.37838
0.425 1.37291
0.426 1.36697
0.427 1.36058
0.428 1.35373
0.429 1.34644
0.43 1.3387
0.431 1.33053
0.432 1.32193
0.433 1.3129
0.434 1.30346
0.435 1.29362
0.436 1.28337
0.437 1.27273
0.438 1.2617
0.439 1.25029
0.44 1.23851
0.441 1.22637
0.442 1.21388
0.443 1.20104
0.444 1.18786
0.445 1.17436
0.446 1.16053
0.447 1.14639
0.448 1.13195
0.449 1.11722
0.45 1.1022
0.451 1.08691
0.452 1.07135
0.453 1.05554
0.454 1.03948
0.455 1.02319
0.456 1.00667
0.457 0.989937
0.458 0.972996
0.459 0.955857
0.46 0.938532
0.461 0.921031
0.462 0.903364
0.463 0.88554
0.464 0.86757
0.465 0.849464
0.466 0.831232
0.467 0.812885
0.468 0.794432
0.469 0.775883
0.47 0.75725
0.471 0.738541
0.472 0.719767
0.473 0.700937
0.474 0.682063
0.475 0.663154
0.476 0.644219
0.477 0.625268
0.478 0.606312
0.479 0.587359
0.48 0.56842
0.481 0.549504
0.482 0.530621
0.483 0.511779
0.484 0.492988
0.485 0.474258
0.486 0.455596
0.487 0.437012
0.488 0.418516
0.489 0.400114
0.49 0.381817
0.491 0.363632
0.492 0.345568
0.493 0.327633
0.494 0.309834
0.495 0.29218
0.496 0.274678
0.497 0.257337
0.498 0.240162
0.499 0.223161
0.5 0.206343
0.501 0.189712
0.502 0.173276
0.503 0.157042
0.504 0.141015
0.505 0.125203
0.506 0.10961
0.507 0.0942437
0.508 0.0791083
0.509 0.0642097
0.51 0.0495531
0.511 0.0351436
0.512 0.020986
0.513 0.00708488
0.514 0.00655515
0.515 0.0199299
0.516 0.0330352
0.517 0.0458673
0.518 0.0584225
0.519 0.0706972
0.52 0.0826883
0.521 0.0943925
0.522 0.105807
0.523 0.116929
0.524 0.127756
0.525 0.138286
0.526 0.148517
0.527 0.158446
0.528 0.168073
0.529 0.177394
0.53 0.18641
0.531 0.195119
0.532 0.20352
0.533 0.211612
0.534 0.219395
0.535 0.226867
0.536 0.23403
0.537 0.240883
0.538 0.247425
0.539 0.253658
0.54 0.259581
0.541 0.265195
0.542 0.270502
0.543 0.275502
0.544 0.280195
0.545 0.284584
0.546 0.28867
0.547 0.292455
0.548 0.295939
0.549 0.299126
0.55 0.302016
0.551 0.304613
0.552 0.306919
0.553 0.308935
0.554 0.310664
0.555 0.31211
0.556 0.313275
0.557 0.314162
0.558 0.314774
0.559 0.315114
0.56 0.315186
0.561 0.314992
0.562 0.314537
0.563 0.313824
0.564 0.312857
0.565 0.311639
0.566 0.310175
0.567 0.308468
0.568 0.306523
0.569 0.304343
0.57 0.301934
0.571 0.299298
0.572 0.296442
0.573 0.293368
0.574 0.290082
0.575 0.286589
0.576 0.282892
0.577 0.278997
0.578 0.274908
0.579 0.270631
0.58 0.266169
0.581 0.261529
0.582 0.256714
0.583 0.25173
0.584 0.246583
0.585 0.241276
0.586 0.235816
0.587 0.230206
0.588 0.224453
0.589 0.218562
0.59 0.212537
0.591 0.206385
0.592 0.200109
0.593 0.193716
0.594 0.18721
0.595 0.180598
0.596 0.173883
0.597 0.167072
0.598 0.160169
0.599 0.15318
0.6 0.14611
0.601 0.138964
0.602 0.131747
0.603 0.124465
0.604 0.117123
0.605 0.109726
0.606 0.102279
0.607 0.0947863
0.608 0.0872543
0.609 0.0796874
0.61 0.0720908
0.611 0.0644694
0.612 0.056828
0.613 0.0491717
0.614 0.0415052
0.615 0.0338334
0.616 0.0261611
0.617 0.0184929
0.618 0.0108336
0.619 0.00318771
0.62 0.00444014
0.621 0.0120455
0.622 0.0196238
0.623 0.0271707
0.624 0.0346819
0.625 0.0421532
0.626 0.0495802
0.627 0.0569589
0.628 0.0642851
0.629 0.071555
0.63 0.0787645
0.631 0.0859098
0.632 0.0929871
0.633 0.0999927
0.634 0.106923
0.635 0.113774
0.636 0.120543
0.637 0.127227
0.638 0.133821
0.639 0.140323
0.64 0.14673
0.641 0.153038
0.642 0.159245
0.643 0.165348
0.644 0.171344
0.645 0.17723
0.646 0.183004
0.647 0.188663
0.648 0.194205
0.649 0.199628
0.65 0.204929
0.651 0.210106
0.652 0.215158
0.653 0.220082
0.654 0.224877
0.655 0.229541
0.656 0.234072
0.657 0.238469
0.658 0.242731
0.659 0.246856
0.66 0.250843
0.661 0.25469
0.662 0.258398
0.663 0.261965
0.664 0.26539
0.665 0.268674
0.666 0.271814
0.667 0.274811
0.668 0.277664
0.669 0.280374
0.67 0.282939
0.671 0.285361
0.672 0.287638
0.673 0.289772
0.674 0.291762
0.675 0.293609
0.676 0.295314
0.677 0.296876
0.678 0.298297
0.679 0.299577
0.68 0.300717
0.681 0.301718
0.682 0.302581
0.683 0.303308
0.684 0.303899
0.685 0.304356
0.686 0.304679
0.687 0.304872
0.688 0.304934
0.689 0.304869
0.69 0.304676
0.691 0.304359
0.692 0.303919
0.693 0.303359
0.694 0.302679
0.695 0.301882
0.696 0.30097
0.697 0.299946
0.698 0.298812
0.699 0.29757
0.7 0.296222
0.701 0.294771
0.702 0.293219
0.703 0.291569
0.704 0.289823
0.705 0.287984
0.706 0.286055
0.707 0.284039
0.708 0.281937
0.709 0.279753
0.71 0.27749
0.711 0.275151
0.712 0.272738
0.713 0.270254
0.714 0.267702
0.715 0.265085
0.716 0.262406
0.717 0.259668
0.718 0.256874
0.719 0.254026
0.72 0.251129
0.721 0.248183
0.722 0.245194
0.723 0.242163
0.724 0.239094
0.725 0.235989
0.726 0.232851
0.727 0.229684
0.728 0.226489
0.729 0.223271
0.73 0.220032
0.731 0.216774
0.732 0.213501
0.733 0.210215
0.734 0.206919
0.735 0.203616
0.736 0.200308
0.737 0.196999
0.738 0.19369
0.739 0.190384
0.74 0.187084
0.741 0.183792
0.742 0.180511
0.743 0.177243
0.744 0.17399
0.745 0.170755
0.746 0.16754
0.747 0.164346
0.748 0.161178
0.749 0.158035
0.75 0.154921
0.751 0.151837
0.752 0.148786
0.753 0.145769
0.754 0.142787
0.755 0.139844
0.756 0.136939
0.757 0.134076
0.758 0.131256
0.759 0.128479
0.76 0.125748
0.761 0.123064
0.762 0.120429
0.763 0.117843
0.764 0.115308
0.765 0.112824
0.766 0.110394
0.767 0.108018
0.768 0.105697
0.769 0.103432
0.77 0.101224
0.771 0.0990735
0.772 0.0969814
0.773 0.0949484
0.774 0.0929751
0.775 0.0910622
0.776 0.08921
0.777 0.0874192
0.778 0.0856901
0.779 0.0840231
0.78 0.0824185
0.781 0.0808765
0.782 0.0793974
0.783 0.0779813
0.784 0.0766284
0.785 0.0753387
0.786 0.0741123
0.787 0.0729491
0.788 0.071849
0.789 0.070812
0.79 0.0698379
0.791 0.0689266
0.792 0.0680777
0.793 0.067291
0.794 0.0665663
0.795 0.0659031
0.796 0.0653012
0.797 0.06476
0.798 0.0642792
0.799 0.0638583
0.8 0.0634968
0.801 0.0631941
0.802 0.0629497
0.803 0.062763
0.804 0.0626334
0.805 0.0625602
0.806 0.0625428
0.807 0.0625804
0.808 0.0626724
0.809 0.062818
0.81 0.0630165
0.811 0.0632671
0.812 0.0635689
0.813 0.0639212
0.814 0.0643232
0.815 0.0647739
0.816 0.0652725
0.817 0.0658181
0.818 0.0664098
0.819 0.0670468
0.82 0.0677279
0.821 0.0684524
0.822 0.0692193
0.823 0.0700275
0.824 0.0708762
0.825 0.0717642
0.826 0.0726907
0.827 0.0736545
0.828 0.0746546
0.829 0.0756901
0.83 0.0767598
0.831 0.0778628
0.832 0.0789978
0.833 0.080164
0.834 0.0813601
0.835 0.0825851
0.836 0.0838378
0.837 0.0851173
0.838 0.0864223
0.839 0.0877517
0.84 0.0891044
0.841 0.0904793
0.842 0.0918752
0.843 0.093291
0.844 0.0947256
0.845 0.0961776
0.846 0.0976461
0.847 0.0991298
0.848 0.100628
0.849 0.102138
0.85 0.10366
0.851 0.105193
0.852 0.106735
0.853 0.108285
0.854 0.109842
0.855 0.111405
0.856 0.112972
0.857 0.114543
0.858 0.116115
0.859 0.117689
0.86 0.119262
0.861 0.120833
0.862 0.122402
0.863 0.123966
0.864 0.125526
0.865 0.127078
0.866 0.128624
0.867 0.13016
0.868 0.131687
0.869 0.133202
0.87 0.134704
0.871 0.136193
0.872 0.137667
0.873 0.139125
0.874 0.140566
0.875 0.141989
0.876 0.143392
0.877 0.144774
0.878 0.146135
0.879 0.147473
0.88 0.148786
0.881 0.150075
0.882 0.151337
0.883 0.152572
0.884 0.153778
0.885 0.154955
0.886 0.156102
0.887 0.157217
0.888 0.1583
0.889 0.159349
0.89 0.160364
0.891 0.161344
0.892 0.162288
0.893 0.163194
0.894 0.164063
0.895 0.164892
0.896 0.165683
0.897 0.166433
0.898 0.167142
0.899 0.167809
0.9 0.168433
0.901 0.169015
0.902 0.169553
0.903 0.170046
0.904 0.170495
0.905 0.170898
0.906 0.171255
0.907 0.171566
0.908 0.17183
0.909 0.172047
0.91 0.172217
0.911 0.172338
0.912 0.172412
0.913 0.172437
0.914 0.172414
0.915 0.172342
0.916 0.172222
0.917 0.172053
0.918 0.171835
0.919 0.171568
0.92 0.171252
0.921 0.170888
0.922 0.170475
0.923 0.170014
0.924 0.169505
0.925 0.168949
0.926 0.168344
0.927 0.167693
0.928 0.166995
0.929 0.166251
0.93 0.16546
0.931 0.164625
0.932 0.163744
0.933 0.16282
0.934 0.161852
0.935 0.160841
0.936 0.159788
0.937 0.158694
0.938 0.157559
0.939 0.156384
0.94 0.15517
0.941 0.153918
0.942 0.152629
0.943 0.151303
0.944 0.149943
0.945 0.148548
0.946 0.14712
0.947 0.14566
0.948 0.144168
0.949 0.142647
0.95 0.141097
0.951 0.139519
0.952 0.137915
0.953 0.136285
0.954 0.134631
0.955 0.132954
0.956 0.131256
0.957 0.129537
0.958 0.127799
0.959 0.126044
0.96 0.124271
0.961 0.122484
0.962 0.120682
0.963 0.118868
0.964 0.117042
0.965 0.115206
0.966 0.113361
0.967 0.111509
0.968 0.109651
0.969 0.107788
0.97 0.105921
0.971 0.104052
0.972 0.102182
0.973 0.100312
0.974 0.0984431
0.975 0.0965773
0.976 0.0947154
0.977 0.0928586
0.978 0.0910081
0.979 0.0891651
0.98 0.0873308
0.981 0.0855062
0.982 0.0836926
0.983 0.0818909
0.984 0.0801022
0.985 0.0783276
0.986 0.0765682
0.987 0.0748248
0.988 0.0730985
0.989 0.0713902
0.99 0.0697008
0.991 0.0680312
0.992 0.0663823
0.993 0.0647547
0.994 0.0631495
0.995 0.0615672
0.996 0.0600087
0.997 0.0584747
0.998 0.0569657
0.999 0.0554824
